Periodo de Cobertura,Total_Capitas_Dispersadas,Total_Capitas_Dispersada_mes,Total_Capitas_Dispersada_posterior,Titulares_Total_capitas,Titulares_Dispersadas_mes_capitas,Titulares_Dispersadas_posterior_capitas,Dependientes_Total_capitas,Dependientes_Dispersadas_mes_capitas,Dependientess_Dispersadas_posterior_capitas,Adicionales_Total_capitas,Adicionales_Dispersadas_mes_capitas,Adicionales_Dispersadas_posterior_capitas,Year,Month,Total_Monto_Dispersadas,Total_Monto_Dispersada_mes,Total_Monto_Dispersada_posterior,Titulares_Total_monto,Titulares_Dispersadas_mes_monto,Titulares_Dispersadas_posterior_monto,Dependientes_Total_monto,Dependientes_Dispersadas_mes_monto,Dependientess_Dispersadas_posterior_monto,Adicionales_Total_monto,Adicionales_Dispersadas_mes_monto,Adicionales_Dispersadas_posterior_monto
2007-09-01,1365545,1207909,157636,864823,786177,78646,498096,419106,78990,2626,2626,0,2007,9,660008806,583818653,76190153,417994896,379982928,38011968,240744687,202566502,38178185,1269223,1269223,0
2007-10-01,1426608,1384810,41798,910379,882174,28205,513329,499736,13593,2900,2900,0,2007,10,689522331,669320213,20202118,440013457,426381158,13632299,248107219,241537400,6569819,1401655,1401655,0
2007-11-01,1469201,1341375,127826,927527,837937,89590,537699,501972,35727,3975,1466,2509,2007,11,710108795,648326775,61782020,448301592,405000089,43301503,259885969,242618126,17267843,1921234,708560,1212674
2007-12-01,1513477,1477181,36296,944416,919911,24505,564795,553015,11780,4266,4255,11,2007,12,731508714,713965887,17542827,456464552,444620582,11843970,272982279,267288738,5693541,2061883,2056567,5316
2008-01-01,1527586,1485499,42087,945206,917437,27769,577426,563108,14318,4954,4954,0,2008,1,947103320,921009380,26093940,586027720,568810940,17216780,358004120,349126960,8877160,3071480,3071480,0
2008-02-01,1553787,1497613,56174,948345,910416,37929,598349,580117,18232,7093,7080,13,2008,2,963347940,928520060,34827880,587973900,564457920,23515980,370976380,359672540,11303840,4397660,4389600,8060
2008-03-01,1573142,1529018,44124,957362,928058,29304,607633,592823,14810,8147,8137,10,2008,3,975348040,947991160,27356880,593564440,575395960,18168480,376732460,367550260,9182200,5051140,5044940,6200
2008-04-01,1609077,1564920,44157,978373,948781,29592,621557,607002,14555,9147,9137,10,2008,4,997627740,970250400,27377340,606591260,588244220,18347040,385365340,376341240,9024100,5671140,5664940,6200
2008-05-01,1635841,1585022,50819,976409,941078,35331,649427,633962,15465,10005,9982,23,2008,5,1014221420,982713640,31507780,605373580,583468360,21905220,402644740,393056440,9588300,6203100,6188840,14260
2008-06-01,1661157,1627155,34002,983268,960671,22597,666831,655441,11390,11058,11043,15,2008,6,1029917340,1008836100,21081240,609626160,595616020,14010140,413435220,406373420,7061800,6855960,6846660,9300
2008-07-01,1697287,1651943,45344,995565,964834,30731,688569,674013,14556,13153,13096,57,2008,7,1052317940,1024204660,28113280,617250300,598197080,19053220,426912780,417888060,9024720,8154860,8119520,35340
2008-08-01,1705030,1660516,44514,1007154,977858,29296,683352,668147,15205,14524,14511,13,2008,8,1057118600,1029519920,27598680,624435480,606271960,18163520,423678240,414251140,9427100,9004880,8996820,8060
2008-09-01,1713251,1661072,52179,1006525,971728,34797,691743,674405,17338,14983,14939,44,2008,9,1062215620,1029864640,32350980,624045500,602471360,21574140,428880660,418131100,10749560,9289460,9262180,27280
2008-10-01,1720324,1684348,35976,1002973,980267,22706,701453,688210,13243,15898,15871,27,2008,10,1066600880,1044295760,22305120,621843260,607765540,14077720,434900860,426690200,8210660,9856760,9840020,16740
2008-11-01,1735659,1688779,46880,1006103,975844,30259,712112,695532,16580,17444,17403,41,2008,11,1076108580,1047042980,29065600,623783860,605023280,18760580,441509440,431229840,10279600,10815280,10789860,25420
2008-12-01,1752077,1692259,59818,1004756,966146,38610,728414,707328,21086,18907,18785,122,2008,12,1086287740,1049200580,37087160,622948720,599010520,23938200,451616680,438543360,13073320,11722340,11646700,75640
2009-01-01,1783337,1732143,51194,1009171,976384,32787,754277,735953,18324,19889,19806,83,2009,1,1105668940,1073928660,31740280,625686020,605358080,20327940,467651740,456290860,11360880,12331180,12279720,51460
2009-02-01,1801214,1753062,48152,1011818,981354,30464,768045,750383,17662,21351,21325,26,2009,2,1116752680,1086898440,29854240,627327160,608439480,18887680,476187900,465237460,10950440,13237620,13221500,16120
2009-03-01,1811606,1771270,40336,1010836,984456,26380,777653,763805,13848,23117,23009,108,2009,3,1123195720,1098187400,25008320,626718320,610362720,16355600,482144860,473559100,8585760,14332540,14265580,66960
2009-04-01,1841904,1812016,29888,1011825,993800,18025,801362,789690,11672,28717,28526,191,2009,4,1141980480,1123449920,18530560,627331500,616156000,11175500,496844440,489607800,7236640,17804540,17686120,118420
2009-05-01,1856663,1810333,46330,1011555,984483,27072,814126,795132,18994,30982,30718,264,2009,5,1151131060,1122406460,28724600,627164100,610379460,16784640,504758120,492981840,11776280,19208840,19045160,163680
2009-06-01,1865762,1853218,12544,1003639,997718,5921,828892,822303,6589,33231,33197,34,2009,6,1156772440,1148995160,7777280,622256180,618585160,3671020,513913040,509827860,4085180,20603220,20582140,21080
2009-07-01,1921398,1902560,18838,1026036,1016530,9506,859810,850580,9230,35552,35450,102,2009,7,1191266760,1179587200,11679560,636142320,630248600,5893720,533082200,527359600,5722600,22042240,21979000,63240
2009-08-01,2037181,1990226,46955,1088954,1061037,27917,909967,891019,18948,38260,38170,90,2009,8,1346826836,1315750784,31076052,720789485,702310999,18478486,602316151,589774385,12541766,23721200,23665400,55800
2009-09-01,2063897,2016376,47521,1096838,1068508,28330,926784,907665,19119,40275,40203,72,2009,9,1364425996,1332974528,31451468,726008003,707256129,18751874,613447493,600792539,12654954,24970500,24925860,44640
2009-10-01,2091906,2040405,51501,1100361,1070583,29778,949367,927824,21543,42178,41998,180,2009,10,1382885670,1348804334,34081336,728339906,708629592,19710314,628395404,614135982,14259422,26150360,26038760,111600
2009-11-01,2119180,2066134,53046,1106541,1076290,30251,968411,945974,22437,44228,43870,358,2009,11,1402706273,1367594752,35111521,732430507,712407113,20023394,641000819,626149649,14851170,29274947,29037990,236957
2009-12-01,2145905,2088299,57606,1111961,1079602,32359,987227,962409,24818,46717,46288,429,2009,12,1545444450,1503908581,41535869,802257576,778911249,23346327,712264434,694358844,17905590,30922440,30638488,283952
2010-01-01,2177823,2116721,61102,1118760,1084064,34696,1010993,984778,26215,48070,47879,191,2010,1,1568392033,1524319710,44072323,807162907,782130493,25032414,729411118,710497630,18913488,31818008,31691587,126421
2010-02-01,2199981,2133644,66337,1128040,1092145,35895,1022177,992062,30115,49764,49437,327,2010,2,1587242119,1539381468,47860651,813858240,787960773,25897467,737480153,715752890,21727263,35903726,35667805,235921
2010-03-01,2230086,2181022,49064,1138541,1110729,27812,1040053,1019071,20982,51492,51222,270,2010,3,1608962285,1573563749,35398536,821434501,801368758,20065743,750377340,735239343,15137997,37150444,36955648,194796
2010-04-01,2260556,2220654,39902,1150207,1127831,22376,1057851,1040556,17295,52498,52267,231,2010,4,1630945782,1602157443,28788339,829851289,813707508,16143781,763218245,750740342,12477903,37876248,37709593,166655
2010-05-01,2275475,2222231,53244,1151055,1119159,31896,1068514,1047384,21130,55906,55688,218,2010,5,1641709536,1603295218,38414318,830463100,807450834,23012266,770911382,755666607,15244775,40335054,40177777,157277
2010-06-01,2296819,2218189,78630,1155066,1109088,45978,1083603,1051542,32061,58150,57559,591,2010,6,1657108801,1600378996,56729805,833356957,800184808,33172149,781797788,758666521,23131267,41954056,41527667,426389
2010-07-01,2311413,2244244,67169,1156153,1119412,36741,1094116,1064315,29801,61144,60517,627,2010,7,1667638076,1619177157,48460919,834141206,807633368,26507838,789382704,767881985,21500719,44114166,43661804,452362
2010-08-01,2326869,2264526,62343,1155898,1122894,33004,1107918,1079262,28656,63053,62370,683,2010,8,1678789268,1633810213,44979055,833957229,810145561,23811668,799340568,778665946,20674622,45491471,44998706,492765
2010-09-01,2347810,2292014,55796,1159858,1130641,29217,1122822,1096904,25918,65130,64469,661,2010,9,1693897784,1653642257,40255527,836814289,815734867,21079422,810093509,791394297,18699212,46989986,46513093,476893
2010-10-01,2360732,2307559,53173,1161099,1134058,27041,1132392,1106867,25525,67241,66634,607,2010,10,1703220755,1664857664,38363091,837709654,818200164,19509490,816998075,798582402,18415673,48513026,48075098,437928
2010-11-01,2381377,2335714,45663,1164782,1141554,23228,1147579,1125560,22019,69016,68600,416,2010,11,1718115716,1685170933,32944783,840366870,823608378,16758492,827955192,812069028,15886164,49793654,49493527,300127
2010-12-01,2404095,2364083,40012,1172595,1152861,19734,1160624,1140803,19821,70876,70419,457,2010,12,1734506306,1705638601,28867705,846003794,831766154,14237640,837366902,823066548,14300354,51135610,50805899,329711
2011-01-01,2420031,2366133,53898,1180009,1151725,28284,1168080,1142920,25160,71942,71488,454,2011,1,1746003795,1707117634,38886161,851352846,830946552,20406294,842746244,824593921,18152323,51904705,51577161,327544
2011-02-01,2438561,2382134,56427,1185907,1155317,30590,1178888,1153651,25237,73766,73166,600,2011,2,1759372831,1718662035,40710796,855608135,833538108,22070027,850544015,832336122,18207893,53220681,52787805,432876
2011-03-01,2462034,2409261,52773,1193091,1165589,27502,1192653,1167985,24668,76290,75687,603,2011,3,1776308131,1738233622,38074509,860791246,840949151,19842095,860475189,842677816,17797373,55041696,54606655,435041
2011-04-01,2492762,2442786,49976,1204462,1178791,25671,1209521,1185769,23752,78779,78226,553,2011,4,1798477758,1762421239,36056519,868995184,850474129,18521055,872645116,855508617,17136499,56837458,56438493,398965
2011-05-01,2495768,2411906,83862,1200861,1155834,45027,1214053,1176067,37986,80854,80005,849,2011,5,1800646528,1740141936,60504592,866397141,833911113,32486028,875914860,848508817,27406043,58334527,57722006,612521
2011-06-01,2516240,2446039,70201,1205040,1166668,38372,1227967,1196915,31052,83233,82456,777,2011,6,1815416682,1764768214,50648468,869412214,841727627,27684587,885953539,863550233,22403306,60050929,59490354,560575
2011-07-01,2539609,2480143,59466,1210727,1181811,28916,1243061,1213394,29667,85821,84938,883,2011,7,1832276932,1789373566,42903366,873515263,852652998,20862265,896843550,875439502,21404048,61918119,61281066,637053
2011-08-01,2562024,2501328,60696,1217325,1187855,29470,1256614,1226406,30208,88085,87067,1018,2011,8,1848448902,1804658121,43790781,878275584,857013624,21261960,906621766,884827399,21794367,63551552,62817098,734454
2011-09-01,2577010,2503709,73301,1218127,1182536,35591,1268949,1232851,36098,89934,88322,1612,2011,9,1859261001,1806375965,52885036,878854215,853176072,25678143,915521219,889477338,26043881,64885567,63722555,1163012
2011-10-01,2578912,2505352,73560,1220874,1187019,33855,1265755,1226895,38860,92283,91438,845,2011,10,1860633269,1807561357,53071912,880836126,856410467,24425659,913216820,885180203,28036617,66580323,65970687,609636
2011-11-01,2582659,2512669,69990,1219946,1185518,34428,1267944,1233346,34598,94769,93805,964,2011,11,2036633099,1981440516,55192583,962024972,934875783,27149189,999875202,972591987,27283215,74732925,73972746,760179
2011-12-01,2598426,2517423,81003,1226893,1188345,38548,1274434,1234019,40415,97099,95059,2040,2011,12,2049066638,1985189423,63877215,967503234,937105098,30398136,1004993088,973122701,31870387,76570316,74961624,1608692
2012-01-01,2605654,2521387,84267,1228922,1187667,41255,1278146,1236485,41661,98586,97235,1351,2012,1,2054766492,1988315355,66451137,969103265,936570441,32532824,1007920294,975067340,32852954,77742933,76677574,1065359
2012-02-01,2615404,2536789,78615,1230480,1190787,39693,1284630,1247260,37370,100294,98742,1552,2012,2,2062455157,2000461065,61994092,970331876,939030811,31301065,1013033451,983564289,29469162,79089830,77865965,1223865
2012-03-01,2635695,2574224,61471,1235715,1205800,29915,1297458,1266851,30607,102522,101573,949,2012,3,2078456218,2029981557,48474661,974460089,950869762,23590327,1023149344,999013360,24135984,80846785,80098435,748350
2012-04-01,2657511,2588831,68680,1244416,1211245,33171,1308531,1274320,34211,104564,103266,1298,2012,4,2095659890,2041500346,54159544,981321523,955163580,26157943,1031881302,1004903265,26978037,82457065,81433501,1023564
2012-05-01,2670586,2604319,66267,1247117,1214917,32200,1316922,1284028,32894,106547,105374,1173,2012,5,2105970565,2053713873,52256692,983451481,958059246,25392235,1038498267,1012558799,25939468,84020817,83095828,924989
2012-06-01,2678562,2626515,52047,1246881,1223012,23869,1323288,1296177,27111,108393,107326,1067,2012,6,2112260284,2071217194,41043090,983265374,964442801,18822573,1043518372,1022139257,21379115,85476538,84635136,841402
2012-07-01,2623365,2532771,90594,1211399,1166188,45211,1303334,1259383,43951,108632,107200,1432,2012,7,2068733036,1997292551,71440485,955284979,919632532,35652447,1027783049,993124244,34658805,85665008,84535775,1129233
2012-08-01,2712435,2635709,76726,1258550,1221877,36673,1342843,1305287,37556,111042,108545,2497,2012,8,2138971848,2078467398,60504450,992467312,963547763,28919549,1058939053,1029323221,29615832,87565483,85596414,1969069
2012-09-01,2717576,2666303,51273,1257002,1233981,23021,1348234,1320947,27287,112340,111375,965,2012,9,2143025944,2102593214,40432730,991246592,973092735,18153857,1063190292,1041672384,21517908,88589060,87828095,760965
2012-10-01,2720803,2659359,61444,1256633,1229165,27468,1351851,1319116,32735,112319,111078,1241,2012,10,2145570697,2097117318,48453379,990955609,969294935,21660674,1066042585,1040228495,25814090,88572503,87593888,978615
2012-11-01,2740304,2675291,65013,1266098,1237619,28479,1360594,1325484,35110,113612,112188,1424,2012,11,2160948784,2109680974,51267810,998419517,975961590,22457927,1072937129,1045250172,27686957,89592138,88469212,1122926
2012-12-01,2761715,2688411,73304,1276353,1242830,33523,1369932,1332478,37454,115430,113103,2327,2012,12,2177833079,2120027142,57805937,1006506405,980070879,26435526,1080300901,1050765500,29535401,91025773,89190763,1835010
2013-01-01,2766343,2690681,75662,1277654,1240536,37118,1372433,1336222,36211,116256,113923,2333,2013,1,2181482636,2121817221,59665415,1007532355,978261878,29270477,1082273138,1053717944,28555194,91677143,89837399,1839744
2013-02-01,2786386,2708415,77971,1285486,1249039,36447,1383092,1343926,39166,117808,115450,2358,2013,2,2197288142,2135801895,61486247,1013708511,984967173,28741338,1090678615,1059793163,30885452,92901016,91041559,1859457
2013-03-01,2803807,2735198,68609,1292311,1260455,31856,1391891,1356641,35250,119605,118102,1503,2013,3,2211025996,2156922434,54103562,1019090569,993969602,25120967,1097617331,1069819958,27797373,94318096,93132874,1185222
2013-04-01,2824164,2748075,76089,1300963,1264822,36141,1401817,1363526,38291,121384,119727,1657,2013,4,2227079115,2167076978,60002137,1025913358,997413331,28500027,1105444777,1075249331,30195446,95720980,94414316,1306664
2013-05-01,2849050,2780307,68743,1311743,1277798,33945,1413752,1380238,33514,123555,122271,1284,2013,5,2246703719,2192494489,54209230,1034414253,1007645945,26768308,1114856478,1088428080,26428398,97432988,96420464,1012524
2013-06-01,2871377,2807780,63597,1314620,1287291,27329,1431061,1396021,35040,125696,124468,1228,2013,6,2264310351,2214159147,50151204,1036683000,1015131935,21551065,1128506014,1100874238,27631776,99121337,98152974,968363
2013-07-01,2887962,2812343,75619,1324888,1291631,33257,1435525,1394607,40918,127549,126105,1444,2013,7,2277388949,2217757439,59631510,1044780138,1018554373,26225765,1132026236,1099759187,32267049,100582575,99443879,1138696
2013-08-01,2908210,2842043,66167,1328509,1300657,27852,1450853,1413807,37046,128848,127579,1269,2013,8,2424847709,2369599556,55248153,1110487336,1087206178,23281158,1212753432,1181787131,30966301,101606941,100606247,1000694
2013-09-01,2923071,2851794,71277,1332977,1303324,29653,1459896,1419509,40387,130198,128961,1237,2013,9,2443365658,2383786082,59579576,1114222089,1089435497,24786592,1220312380,1186553376,33759004,108831189,107797209,1033980
2013-10-01,2923612,2850942,72670,1332743,1299098,33645,1459312,1421755,37557,131557,130089,1468,2013,10,2443817877,2383073904,60743973,1114026494,1085903026,28123468,1219824225,1188430785,31393440,109967158,108740093,1227065
2013-11-01,2950290,2886412,63878,1341347,1312472,28875,1475777,1442084,33693,133166,131856,1310,2013,11,2466117756,2412722921,53394835,1121218495,1097082218,24136277,1233587154,1205423593,28163561,111312107,110217110,1094997
2013-12-01,2972265,2900976,71289,1351874,1318779,33095,1485861,1449427,36434,134530,132770,1760,2013,12,2484486440,2424896825,59589615,1130017912,1102354177,27663735,1242016268,1211561534,30454734,112452260,110981114,1471146
2014-01-01,2980588,2902340,78248,1357039,1321340,35699,1489905,1450246,39659,133644,130754,2890,2014,1,2491443552,2426036978,65406574,1134335276,1104494891,29840385,1245396615,1212246127,33150488,111711661,109295960,2415701
2014-02-01,2996583,2908347,88236,1363858,1322877,40981,1497895,1454254,43641,134830,131216,3614,2014,2,2504813614,2431058169,73755445,1140035212,1105779654,34255558,1252075373,1215596374,36478999,112703029,109682141,3020888
2014-03-01,3017974,2934599,83375,1373367,1333694,39673,1507035,1465918,41117,137572,134987,2585,2014,3,2522694135,2453001954,69692181,1147983691,1114821476,33162215,1259715404,1225346196,34369208,114995040,112834282,2160758
2014-04-01,3043515,2968854,74661,1383337,1347792,35545,1520656,1483296,37360,139522,137766,1756,2014,4,2544043608,2481635366,62408242,1156317518,1126605854,29711664,1271101064,1239872292,31228772,116625026,115157220,1467806
2014-05-01,3070185,3005537,64648,1393990,1364259,29731,1534944,1501777,33167,141251,139501,1750,2014,5,2566336803,2512298318,54038485,1165222256,1140370454,24851802,1283044264,1255320375,27723889,118070283,116607489,1462794
2014-06-01,3099619,3030417,69202,1403813,1374315,29498,1552678,1514545,38133,143128,141557,1571,2014,6,2590940379,2533095262,57845117,1173433196,1148776164,24657032,1297867936,1265993019,31874917,119639247,118326079,1313168
2014-07-01,3121942,3037396,84546,1411978,1375864,36114,1566486,1519919,46567,143478,141613,1865,2014,7,2609599958,2538928939,70671019,1180258241,1150070957,30187284,1309409904,1270485092,38924812,119931813,118372890,1558923
2014-08-01,3139157,3069411,69746,1421413,1390935,30478,1572858,1535105,37753,144886,143371,1515,2014,8,2623989811,2565689957,58299854,1188144865,1162668656,25476209,1314736203,1283178917,31557286,121108743,119842384,1266359
2014-09-01,3158692,3079772,78920,1424285,1391699,32586,1587481,1542660,44821,146926,145413,1513,2014,9,2640318918,2574350612,65968306,1190545543,1163307276,27238267,1326959419,1289494066,37465353,122813956,121549270,1264686
2014-10-01,3178346,3101900,76446,1430699,1400550,30149,1599061,1554245,44816,148586,147105,1481,2014,10,2656747496,2592847187,63900309,1195906937,1170705738,25201199,1336639023,1299177852,37461171,124201536,122963597,1237939
2014-11-01,3203403,3128462,74941,1447788,1417590,30198,1605238,1561834,43404,150377,149038,1339,2014,11,2677692391,2615050097,62642294,1210191459,1184949304,25242155,1341802317,1305521421,36280896,125698615,124579372,1119243
2014-12-01,3224925,3141599,83326,1459051,1422986,36065,1614011,1568541,45470,151863,150072,1791,2014,12,2695682410,2626031183,69651227,1219606090,1189459766,30146324,1349135577,1311127735,38007842,126940743,125443682,1497061
2015-01-01,3251070,3155369,95701,1464352,1426011,38341,1619807,1568240,51567,166911,161118,5793,2015,1,2717536746,2637541388,79995358,1224037138,1191988333,32048805,1353980396,1310876132,43104264,139519212,134676923,4842289
2015-02-01,3269197,3157355,111842,1470227,1423951,46276,1631266,1568776,62490,167704,164628,3076,2015,2,2732688930,2639201467,93487463,1228947986,1190266400,38681586,1363558866,1311324169,52234697,140182078,137610898,2571180
2015-03-01,3290421,3195650,94771,1482429,1434238,48191,1638885,1594179,44706,169107,167233,1874,2015,3,2750429864,2671211874,79217990,1239147524,1198865200,40282324,1369927506,1332558283,37369223,141354834,139788391,1566443
2015-04-01,3314320,3239887,74433,1494258,1461443,32815,1649800,1609914,39886,170262,168530,1732,2015,4,2770406796,2708189139,62217657,1249035263,1221605587,27429676,1379051247,1345711012,33340235,142320286,140872540,1447746
2015-05-01,3343034,3269990,73044,1507958,1477288,30670,1663775,1622890,40885,171301,169812,1489,2015,5,2794408550,2733351936,61056614,1260486963,1234850264,25636699,1390732814,1356557521,34175293,143188773,141944151,1244622
2015-06-01,3363306,3284981,78325,1518466,1485480,32986,1672465,1628761,43704,172375,170740,1635,2015,6,2811353719,2745882763,65470956,1269270495,1241697876,27572619,1397996702,1361465031,36531671,144086522,142719856,1366666
2015-07-01,3369582,3288174,81408,1522999,1488733,34266,1673362,1627883,45479,173221,171558,1663,2015,7,2816599771,2748551761,68048010,1273059586,1244417026,28642560,1398746498,1360731119,38015379,144793687,143403616,1390071
2015-08-01,3393196,3304081,89115,1532385,1494881,37504,1686889,1637216,49673,173922,171984,1938,2015,8,2836338464,2761848263,74490201,1280905245,1249556078,31349167,1410053577,1368532481,41521096,145379642,143759704,1619938
2015-09-01,3390833,3297922,92911,1529469,1486725,42744,1686304,1638150,48154,175060,173047,2013,2015,9,2834363268,2756700015,77663253,1278467799,1242738559,35729240,1409564585,1369313201,40251384,146330884,144648255,1682629
2015-10-01,3414999,3335730,79269,1538689,1507727,30962,1700055,1653134,46921,176255,174869,1386,2015,10,2860706033,2788303346,72402687,1288616681,1260293921,28322760,1424759576,1381838178,42921398,147329776,146171247,1158529
2015-11-01,3429039,3352699,76340,1550303,1516835,33468,1700663,1659943,40720,178073,175921,2152,2015,11,3122702976,3053040043,69662933,1418155129,1387539983,30615146,1555698427,1518449457,37248970,148849420,147050603,1798817
2015-12-01,3456545,3339838,116707,1560472,1513634,46838,1716565,1649407,67158,179508,176797,2711,2015,12,3161908980,3055150205,106758775,1427457324,1384611837,42845487,1570244934,1508811546,61433388,164206722,161726822,2479900
2016-01-01,3454193,3363868,90325,1561783,1519938,41845,1712125,1666570,45555,180285,177360,2925,2016,1,3159757468,3077131888,82625580,1428656567,1390378484,38278083,1566183410,1524511572,41671838,164917491,162241832,2675659
2016-02-01,3479124,3375431,103693,1567655,1524338,43317,1731010,1674171,56839,180459,176922,3537,2016,2,3182563356,3087709258,94854098,1434028047,1394403427,39624620,1583458649,1531464663,51993986,165076660,161841168,3235492
2016-03-01,3543587,3459881,83706,1608493,1572762,35731,1753444,1707643,45801,181650,179476,2174,2016,3,3241531534,3164960738,76570796,1471385012,1438699765,32685247,1603980385,1562083509,41896876,166166137,164177464,1988673
2016-04-01,3562647,3473780,88867,1614219,1578127,36092,1765130,1714635,50495,183298,181018,2280,2016,4,3258966865,3177674989,81291876,1476622931,1443607453,33015478,1614670273,1568479512,46190761,167673661,165588024,2085637
2016-05-01,3589895,3502485,87410,1623275,1584551,38724,1781715,1735141,46574,184905,182793,2112,2016,5,3283892233,3203933174,79959059,1484906995,1449483872,35423123,1629841558,1587237579,42603979,169143680,167211723,1931957
2016-06-01,3603453,3500714,102739,1631819,1583146,48673,1785115,1733623,51492,186519,183945,2574,2016,6,3296294548,3202313134,93981414,1492722704,1448198633,44524071,1632951739,1585848974,47102765,170620105,168265527,2354578
2016-07-01,3623957,3538894,85063,1636148,1597406,38742,1798767,1754608,44159,189042,186880,2162,2016,7,3315050786,3237238671,77812115,1496682697,1461243111,35439586,1645440045,1605045213,40394832,172928044,170950347,1977697
2016-08-01,3648571,3538743,109828,1640691,1595407,45284,1818240,1756234,62006,189640,187102,2538,2016,8,3337566704,3237100543,100466161,1500838464,1459414507,41423957,1663253169,1606532612,56720557,173475071,171153424,2321647
2016-09-01,3664359,3565436,98923,1646854,1602510,44344,1826837,1774321,52516,190668,188605,2063,2016,9,3352008925,3261518231,90490694,1506476121,1465912046,40564075,1671117365,1623077877,48039488,174415439,172528308,1887131
2016-10-01,3674186,3583009,91177,1654184,1614954,39230,1828353,1778628,49725,191649,189427,2222,2016,10,3360998278,3277593308,83404970,1513181317,1477295319,35885998,1672504141,1627017748,45486393,175312820,173280241,2032579
2016-11-01,3681945,3574648,107297,1659745,1612043,47702,1830379,1773004,57375,191821,189601,2220,2016,11,3368095896,3269944999,98150897,1518268296,1474632453,43635843,1674357440,1621873137,52484303,175470160,173439409,2030751
2016-12-01,3693086,3591288,101798,1666777,1619670,47107,1833882,1781414,52468,192427,190204,2223,2016,12,3378287244,3285166608,93120636,1524700892,1481609329,43091563,1677561850,1629566269,47995581,176024502,173991010,2033492
2017-01-01,3706322,3597940,108382,1672769,1627381,45388,1840344,1779693,60651,193209,190866,2343,2017,1,3390395006,3291251591,99143415,1530182128,1488663043,41519085,1683473031,1627991968,55481063,176739847,174596580,2143267
2017-02-01,3725396,3624775,100621,1679913,1635045,44868,1851641,1798251,53390,193842,191479,2363,2017,2,3407843136,3315799174,92043962,1536717175,1495673762,41043413,1693807076,1644968084,48838992,177318885,175157328,2161557
2017-03-01,3750024,3651710,98314,1688970,1647039,41931,1865710,1812528,53182,195344,192143,3201,2017,3,3430371849,3340438235,89933614,1545002156,1506645394,38356762,1706676834,1658028112,48648722,178692859,175764729,2928130
2017-04-01,3830325,3729129,101196,1743519,1696353,47166,1889081,1837171,51910,197725,195605,2120,2017,4,3503827996,3411258039,92569957,1594901404,1551755868,43145536,1728055688,1680570543,47485145,180870904,178931628,1939276
2017-05-01,3868280,3776203,92077,1758906,1720375,38531,1909603,1858330,51273,199771,197498,2273,2017,5,3538547711,3454319453,84228258,1608976816,1573730234,35246582,1746828389,1699925950,46902439,182742506,180663269,2079237
2017-06-01,3895938,3792898,103040,1764284,1719845,44439,1931078,1874905,56173,200576,198148,2428,2017,6,3563848143,3469591371,94256772,1613896392,1573245411,40650981,1766472863,1715088097,51384766,183478888,181257863,2221025
2017-07-01,3918564,3827602,90962,1772527,1734652,37875,1944599,1893626,50973,201438,199324,2114,2017,7,3584545503,3501337201,83208302,1621436761,1586790261,34646500,1778841331,1732213319,46628012,184267411,182333621,1933790
2017-08-01,3933721,3827586,106135,1776065,1731093,44972,1957441,1898635,58806,200215,197858,2357,2017,8,3598410516,3501322564,97087952,1624673182,1583534631,41138551,1790588677,1736795351,53793326,183148657,180992582,2156075
2017-09-01,3942172,3836680,105492,1778329,1732636,45693,1961944,1904815,57129,201899,199229,2670,2017,9,3606141156,3509641393,96499763,1626744199,1584946106,41798093,1794707844,1742448568,52259276,184689113,182246719,2442394
2017-10-01,3954358,3841663,112695,1779269,1732763,46506,1971109,1907872,63237,203980,201028,2952,2017,10,3617288426,3514199642,103088784,1627604080,1585062280,42541800,1803091625,1745244990,57846635,186592721,183892372,2700349
2017-11-01,3979059,3867733,111326,1795201,1744392,50809,1979668,1921174,58494,204190,202167,2023,2017,11,4013067473,3900425291,112642182,1819651608,1768150618,51500990,2006631034,1947340389,59290645,186784831,184934284,1850547
2017-12-01,4001042,3902592,98450,1808462,1766077,42385,1987052,1932996,54056,205528,203519,2009,2017,12,4055536104,3955745298,99790806,1833093222,1790130967,42962255,2014115604,1959323404,54792200,208327278,206290927,2036351
2018-01-01,4006406,3901068,105338,1802637,1757392,45245,1997117,1939385,57732,206652,204291,2361,2018,1,4060973170,3954200542,106772628,1827188884,1781327678,45861206,2024317701,1965799422,58518279,209466585,207073442,2393143
2018-02-01,4017363,3909228,108135,1806199,1757543,48656,2003557,1946851,56706,207607,204834,2773,2018,2,4072079393,3962471683,109607710,1830799401,1781480735,49318666,2030845400,1973367110,57478290,210434592,207623838,2810754
2018-03-01,4043756,3917959,125797,1815888,1762821,53067,2018535,1947816,70719,209333,207322,2011,2018,3,4098831869,3971321597,127510272,1840620366,1786830620,53789746,2046027403,1974345253,71682150,212184100,210145724,2038376
2018-04-01,4066472,3986698,79774,1825610,1792641,32969,2029632,1984530,45102,211230,209527,1703,2018,4,4121857252,4040996821,80860431,1850474781,1817056769,33418012,2057275535,2011559296,45716239,214106936,212380756,1726180
2018-05-01,4096359,3996571,99788,1837050,1794351,42699,2046834,1991668,55166,212475,210552,1923,2018,5,4152151325,4051004291,101147034,1862070589,1818790058,43280531,2074711840,2018794516,55917324,215368896,213419717,1949179
2018-06-01,4116665,4032123,84542,1846242,1810133,36109,2056681,2009831,46850,213742,212159,1583,2018,6,4172733896,4087040511,85693385,1871387790,1834787010,36600780,2084692951,2037204897,47488054,216653155,215048604,1604551
2018-07-01,4143262,4054158,89104,1858462,1818444,40018,2069486,2021938,47548,215314,213776,1538,2018,7,4199693148,4109375627,90317521,1883774224,1843211205,40563019,2097672360,2049476794,48195566,218246564,216687628,1558936
2018-08-01,4158747,4034900,123847,1863723,1805061,58662,2079054,2015451,63603,215970,214388,1582,2018,8,4215389057,4089855333,125533724,1889106884,1829645930,59460954,2107370674,2042901440,64469234,218911499,217307963,1603536
2018-09-01,4181682,4083886,97796,1872116,1831317,40799,2091911,2036617,55294,217655,215952,1703,2018,9,4238636439,4139508525,99127914,1897614197,1856259537,41354660,2120402792,2064355723,56047069,220619450,218893265,1726185
2018-10-01,4196675,4095628,101047,1874542,1830176,44366,2103211,2048439,54772,218922,217013,1909,2018,10,4253833638,4151410449,102423189,1900073240,1855102996,44970244,2131856695,2076338737,55517958,221903703,219968716,1934987
2018-11-01,4218670,4136555,82115,1886462,1849764,36698,2112116,2068204,43912,220092,218587,1505,2018,11,4276128213,4192894876,83233337,1912155588,1874957784,37197804,2140882982,2096372938,44510044,223089643,221564154,1525489
2018-12-01,4242244,4153987,88257,1898756,1859359,39397,2122057,2074903,47154,221431,219725,1706,2018,12,4300023295,4210564298,89458997,1924617035,1884683468,39933567,2150959378,2103163177,47796201,224446882,222717653,1729229
2019-01-01,4258141,4155766,102375,1908070,1860590,47480,2127996,2074865,53131,222075,220311,1764,2019,1,4316136817,4212367529,103769288,1934057895,1885931234,48126661,2156979268,2103124660,53854608,225099654,223311635,1788019
2019-02-01,4268240,4174146,94094,1914972,1869124,45848,2130824,2084396,46428,222444,220626,1818,2019,2,4326373361,4230997864,95375497,1941053900,1894581468,46472432,2159845786,2112785472,47060314,225473675,223630924,1842751
2019-03-01,4295270,4206518,88752,1928268,1886969,41299,2143060,2097353,45707,223942,222196,1746,2019,3,4353772527,4263811785,89960742,1954530991,1912669517,41861474,2172249456,2125919960,46329496,226992080,225222308,1769772
2019-04-01,4310898,4223181,87717,1936498,1892791,43707,2149083,2106622,42461,225317,223768,1549,2019,4,4369612368,4280700721,88911647,1962873086,1918570813,44302273,2178353473,2135314190,43039283,228385809,226815718,1570091
2019-05-01,4317570,4217351,100219,1940164,1891881,48283,2151464,2101324,50140,225942,224146,1796,2019,5,4376375225,4274791315,101583910,1966589010,1917648417,48940593,2180766898,2129944031,50822867,229019317,227198867,1820450
2019-06-01,4333708,4233807,99901,1950694,1902716,47978,2157072,2106935,50137,225942,224156,1786,2019,6,4392733042,4291471446,101261596,1977262436,1928630991,48631445,2186451287,2135631452,50819835,229019319,227209003,1810316
2019-07-01,4342246,4246879,95367,1949544,1906262,43282,2166816,2116407,50409,225886,224210,1676,2019,7,4401387332,4304721489,96665843,1976096773,1932225287,43871486,2196328001,2145232463,51095538,228962558,227263739,1698819
2019-08-01,4353434,4263667,89767,1954465,1914421,40044,2173210,2125226,47984,225759,224020,1739,2019,8,4412727713,4321738140,90989573,1981084798,1940495413,40589385,2202809086,2154171577,48637509,228833829,227071150,1762679
2019-09-01,4369394,4279150,90244,1960227,1918591,41636,2182980,2135903,47077,226187,224656,1531,2019,9,4428905020,4337432019,91473001,1986925236,1944722208,42203028,2212712140,2164993998,47718142,229267644,227715813,1551831
2019-10-01,4381930,4286237,95693,1963077,1923332,39745,2191710,2137513,54197,227143,225392,1751,2019,10,4445687803,4348691578,96996225,1991839842,1951553564,40286278,2223611297,2168676176,54935121,230236664,228461838,1774826
2019-11-01,4395773,4300298,95475,1968911,1927337,41574,2198708,2146570,52138,228154,226391,1763,2019,11,5098248469,4987023773,111224696,2299313895,2250763420,48550475,2567673140,2506785909,60887231,231261434,229474444,1786990
2019-12-01,4360817,4228661,132156,1953121,1891406,61715,2179806,2112207,67599,227890,225048,2842,2019,12,5092605561,4938272597,154332964,2280874174,2208802839,72071335,2545599192,2466656455,78942737,266132195,262813303,3318892
2020-01-01,4357371,4266392,90979,1948674,1909128,39546,2180239,2130478,49761,228458,226786,1672,2020,1,5088581293,4982335237,106246056,2275680929,2229498768,46182161,2546104856,2487993512,58111344,266795508,264842957,1952551
2020-02-01,4367573,4269009,98564,1953283,1908506,44777,2185007,2133027,51980,229283,227476,1807,2020,2,5100495303,4985391396,115103907,2281063364,2228772391,52290973,2551672982,2490970259,60702723,267758957,265648746,2110211
2020-03-01,4372679,4290754,81925,1956250,1918112,38138,2186202,2144083,42119,230227,228559,1668,2020,3,5106458139,5010785424,95672715,2284528258,2239990373,44537885,2553068509,2503881567,49186942,268861372,266913484,1947888
2020-04-01,4363562,4003938,359624,1947552,1777226,170326,2176881,2011014,165867,239129,215698,23431,2020,4,5095811204,4675838831,419972373,2274370644,2075462293,198908351,2542183351,2348482258,193701093,279257209,251894280,27362929
2020-05-01,4259071,4033355,225716,1884088,1781475,102613,2137580,2030345,107235,237403,221535,15868,2020,5,4973785578,4710192299,263593279,2200256754,2080424319,119832435,2496287251,2371057193,125230058,277241573,258710787,18530786
2020-06-01,4260487,4154465,106022,1877602,1831684,45918,2141896,2084502,57394,240989,238279,2710,2020,6,4975439210,4851625769,123813441,2192682344,2139058891,53623453,2501327526,2434302280,67025246,281429340,278264598,3164742
2020-07-01,4288669,4188552,100117,1892148,1849435,42713,2161361,2106073,55288,235160,233044,2116,2020,7,5008350429,4891432907,116917522,2209669306,2159788686,49880620,2524058945,2459493109,64565836,274622178,272151112,2471066
2020-08-01,4287305,4151408,135897,1891055,1829482,61573,2164855,2092588,72267,231395,229338,2057,2020,8,5006757534,4848055771,158701763,2208392894,2136487373,71905521,2528139272,2443745190,84394082,270225368,267823208,2402160
2020-09-01,4270699,4147822,122877,1877728,1823757,53971,2161254,2094360,66894,231717,229705,2012,2020,9,4987364893,4843868005,143496888,2192829492,2129801661,63027831,2523933993,2445814550,78119443,270601408,268251794,2349614
2020-10-01,4274066,4183727,90339,1873029,1835056,37973,2172414,2121309,51105,228623,227362,1261,2020,10,4991296906,4885798223,105498683,2187341947,2142996745,44345202,2536966751,2477285862,59680889,266988208,265515616,1472592
2020-11-01,4267686,4134706,132980,1869798,1811445,58353,2170943,2099260,71683,226945,224001,2944,2020,11,4983846284,4828551010,155295274,2183568752,2115423584,68145168,2535248907,2451536819,83712088,265028625,261590607,3438018
2020-12-01,4299228,4214903,84325,1883668,1847991,35677,2187861,2140541,47320,227699,226371,1328,2020,12,5020681352,4922205870,98475482,2199766282,2158102369,41663913,2555005915,2499745184,55260731,265909155,264358317,1550838
2021-01-01,4259227,4117808,141419,1874429,1811091,63338,2167428,2092188,75240,217370,214529,2841,2021,1,4973967784,4808817356,165150428,2188976889,2115010179,73966710,2531144052,2443278067,87865985,253846843,250529110,3317733
2021-02-01,4057407,3945881,111526,1801995,1751580,50415,2042396,1983215,59181,213016,211086,1930,2021,2,4738280362,4608039286,130241076,2104387732,2045512638,58875094,2385130434,2316018307,69112127,248762196,246508341,2253855
2021-03-01,4095281,4017395,77886,1823530,1791272,32258,2055962,2011498,44464,215789,214625,1164,2021,3,4782510006,4691554050,90955956,2129536526,2091865352,37671174,2400972949,2349047478,51925471,252000531,250641220,1359311
2021-04-01,4174267,4018374,155893,1835906,1791179,44727,2119131,2009542,109589,219230,217653,1577,2021,4,4874750653,4692697337,182053316,2143989346,2091756746,52232600,2474742337,2346763242,127979095,256018970,254177349,1841621
2021-05-01,4237430,4086014,151416,1861421,1818986,42435,2154615,2047187,107428,221394,219841,1553,2021,5,4948513028,4771688004,176825024,2173786013,2124230039,49555974,2516180907,2390725449,125455458,258546108,256732516,1813592
2021-06-01,4181371,4090662,90709,1865100,1824312,40788,2092670,2044230,48440,223601,222120,1481,2021,6,4883046776,4777115986,105930790,2178082396,2130449796,47632600,2443840917,2387272234,56568683,261123463,259393956,1729507
2021-07-01,4243039,4148035,95004,1895096,1852212,42884,2121841,2071550,50291,226102,224273,1829,2021,7,4955063288,4844116749,110946539,2213112023,2163031694,50080329,2477907103,2419176804,58730299,264044162,261908251,2135911
2021-08-01,4284966,4198858,86108,1916450,1879048,37402,2139074,2091877,47197,229442,227933,1509,2021,8,5004026069,4903468356,100557713,2238049442,2194371043,43678399,2498031979,2442914878,55117101,267944648,266182435,1762213
2021-09-01,4314043,4214321,99722,1928575,1888200,40375,2153011,2095193,57818,232457,230928,1529,2021,9,5037982471,4921526202,116456269,2252209138,2205058840,47150298,2514307740,2446787336,67520404,271465593,269680026,1785567
2021-10-01,4321265,4243256,78009,1933838,1900796,33042,2152480,2108964,43516,234947,233496,1451,2021,10,5700227289,5596878384,103348905,2567769409,2523895935,43873474,2858084441,2800303487,57780954,274373439,272678962,1694477
2021-11-01,4361335,4290785,70550,1955363,1926506,28857,2169028,2128544,40484,236944,235735,1209,2021,11,5753113111,5659629625,93483486,2596350514,2558033930,38316584,2880057041,2826302007,53755034,276705556,275293688,1411868
2021-12-01,4372906,4285359,87547,1966685,1928263,38422,2168009,2120386,47623,238212,236710,1502,2021,12,5806388243,5690142529,116245714,2611383975,2560366892,51017083,2878704007,2815469733,63234274,316300261,314305904,1994357
2022-01-01,4415321,4328506,86815,1991184,1953969,37215,2185427,2137365,48062,238710,237172,1538,2022,1,5862707316,5747433548,115273768,2643914001,2594499576,49414425,2901831803,2838014620,63817183,316961512,314919352,2042160
2022-02-01,4437414,4315977,121437,2003746,1948937,54809,2193855,2130735,63120,239813,236305,3508,2022,2,5892042623,5730797416,161245207,2660593950,2587818036,72775914,2913022585,2829211239,83811346,318426088,313768141,4657947
2022-03-01,4465896,4398255,67641,2016453,1987940,28513,2207700,2169781,37919,241743,240534,1209,2022,3,5929861308,5840046966,89814342,2677466429,2639606610,37859819,2931406116,2881056908,50349208,320988763,319383448,1605315
2022-04-01,4500906,4408871,92035,2035913,1998144,37769,2221988,2169255,52733,243005,241472,1533,2022,4,5976347944,5854142998,122204946,2703305618,2653155584,50150034,2950377867,2880358480,70019387,322664459,320628934,2035525
2022-05-01,4507646,4427018,80628,2039916,2003870,36046,2224243,2181287,42956,243487,241861,1626,2022,5,5985297378,5878238765,107058613,2708620841,2660758623,47862218,2953372078,2896334689,57037389,323304459,321145453,2159006
2022-06-01,4536038,4463544,72494,2054575,2022844,31731,2236745,2197301,39444,244718,243399,1319,2022,6,6022996563,5926738354,96258209,2728085206,2685952490,42132716,2969972362,2917598239,52374123,324938995,323187625,1751370
2022-07-01,4563112,4485090,78022,2069206,2033989,35217,2248311,2206758,41553,245595,244343,1252,2022,7,6058945698,5955347349,103598349,2747512399,2700750933,46761466,2985329810,2930155339,55174471,326103489,324441077,1662412
2022-08-01,4591168,4520183,70985,2082081,2050852,31229,2263070,2224454,38616,246017,244877,1140,2022,8,6097889752,6001944185,95945567,2765261395,2723141793,42119602,3005964536,2953652265,52312271,326663821,325150127,1513694
2022-09-01,4609421,4529781,79640,2090570,2055295,35275,2271300,2228458,42842,247551,246028,1523,2022,9,6133115989,6014688505,118427484,2781605927,2729041252,52564675,3022809381,2958968816,63840565,328700681,326678437,2022244
2022-10-01,4626113,4546118,79995,2100374,2064713,35661,2278897,2235831,43066,246842,245574,1268,2022,10,6853486127,6734488245,118997882,3129851297,3076711428,53139869,3395875563,3331701205,64174358,327759267,326075612,1683655
2022-11-01,4637566,4558438,79128,2107074,2072394,34680,2282992,2239967,43025,247500,246077,1423,2022,11,6910622556,6792710797,117911759,3139835234,3088157194,51678040,3401977682,3337864424,64113258,368809640,366689179,2120461
2022-12-01,4652852,4568910,83942,2118748,2080797,37951,2286092,2241626,44466,248012,246487,1525,2022,12,6933400844,6808315542,125085302,3157231131,3100678840,56552291,3406597120,3340336566,66260554,369572593,367300136,2272457
2023-01-01,4651325,4561524,89801,2120693,2079891,40802,2283042,2235636,47406,247590,245997,1593,2023,1,6931125395,6797309370,133816025,3160129451,3099328774,60800677,3402052192,3331410628,70641564,368943752,366569968,2373784
2023-02-01,4662066,4562245,99821,2126358,2080391,45967,2287507,2235631,51876,248201,246223,1978,2023,2,7234032220,7078925191,155107029,3306784368,3235299259,71485109,3557393622,3476719192,80674430,369854230,366906740,2947490
2023-03-01,4683172,4615351,67821,2136435,2106244,30191,2297947,2261417,36530,248790,247690,1100,2023,3,7266816715,7161417100,105399615,3322455512,3275504293,46951219,3573629281,3516820032,56809249,370731922,369092775,1639147
2023-04-01,4642433,4549884,92549,2124420,2081200,43220,2268414,2220736,47678,249599,247948,1651,2023,4,7219633227,7075706600,143926627,3303770507,3236557367,67213140,3527701338,3453555382,74145956,388161382,385593851,2567531
2023-05-01,4674703,4597987,76716,2137896,2102234,35662,2287997,2248278,39719,248810,247475,1335,2023,5,7269817591,7150513498,119304093,3324727573,3269268181,55459392,3558155644,3496387048,61768596,386934374,384858269,2076105
2023-06-01,4678373,4601382,76991,2140018,2104833,35185,2288350,2248069,40281,250005,248480,1525,2023,6,7275524957,7155793199,119731758,3328027582,3273309990,54717592,3558704606,3496062023,62642583,388792769,386421186,2371583
2023-07-01,4662212,4573366,88846,2131877,2090347,41530,2279761,2234225,45536,250574,248794,1780,2023,7,7250392346,7112224399,138167947,3315367190,3250782233,64584957,3545347512,3474532666,70814846,389677644,386909500,2768144
2023-08-01,4632452,4552390,80062,2118107,2082028,36079,2263243,2220915,42328,251102,249447,1655,2023,8,7204111381,7079603779,124507602,3293952912,3237845023,56107889,3519659712,3453833751,65825961,390498757,387925005,2573752
2023-09-01,4650179,4568370,81809,2124818,2087964,36854,2273412,2230038,43374,251949,250368,1581,2023,9,7231679352,7104454916,127224436,3304389457,3247076333,57313124,3535473932,3468021293,67452639,391815963,389357290,2458673
2023-10-01,4654760,4580047,74713,2129131,2095077,34054,2273805,2234650,39155,251824,250320,1504,2023,10,7238803454,7122614287,116189167,3311096779,3258138044,52958735,3536085103,3475193600,60891503,391621572,389282643,2338929
2023-11-01,4645963,4579244,66719,2126221,2095153,31068,2266926,2232791,34135,252816,251300,1516,2023,11,7233474091,7121365509,112108582,3310550513,3258256235,52294278,3529759307,3472302594,57456713,393164271,390806680,2357591
2023-12-01,4577068,4577068,0,2097791,2097791,0,2226907,2226907,0,252370,252370,0,2023,12,7127337767,7127337767,0,3266947928,3266947928,0,3467919160,3467919160,0,392470679,392470679,0
