Periodo de Cobertura,Total_Capitas_Dispersadas,Total_Capitas_Dispersada_mes,Total_Capitas_Dispersada_posterior,Titulares_Total_capitas,Titulares_Dispersadas_mes_capitas,Titulares_Dispersadas_posterior_capitas,Dependientes_Total_capitas,Dependientes_Dispersadas_mes_capitas,Dependientess_Dispersadas_posterior_capitas,Adicionales_Total_capitas,Adicionales_Dispersadas_mes_capitas,Adicionales_Dispersadas_posterior_capitas,Year,Month,Total_Monto_Dispersadas,Total_Monto_Dispersada_mes,Total_Monto_Dispersada_posterior,Titulares_Total_monto,Titulares_Dispersadas_mes_monto,Titulares_Dispersadas_posterior_monto,Dependientes_Total_monto,Dependientes_Dispersadas_mes_monto,Dependientess_Dispersadas_posterior_monto,Adicionales_Total_monto,Adicionales_Dispersadas_mes_monto,Adicionales_Dispersadas_posterior_monto,Tipo_de_ARS
2007-09-01,173242,57432,115810,77667,28975,48692,95246,28128,67118,329,329,0,2007,9,83733053,27758607,55974446,37538790,14004486,23534304,46035248,13595106,32440142,159015,159015,0,Autogestion
2007-10-01,173441,172952,489,78958,78588,370,94154,94035,119,329,329,0,2007,10,83829231,83592889,236342,38162767,37983938,178829,45507449,45449936,57513,159015,159015,0,Autogestion
2007-11-01,175569,167099,8470,80413,73371,7042,94263,92835,1428,893,893,0,2007,11,84857751,80763958,4093793,38866009,35462405,3403604,45560129,44869940,690189,431613,431613,0,Autogestion
2007-12-01,175886,175106,780,81573,81172,401,93424,93045,379,889,889,0,2007,12,85010966,84633981,376985,39426668,39232862,193806,45154618,44971439,183179,429680,429680,0,Autogestion
2008-01-01,178955,178033,922,83904,83293,611,93830,93519,311,1221,1221,0,2008,1,110952100,110380460,571640,52020480,51641660,378820,58174600,57981780,192820,757020,757020,0,Autogestion
2008-02-01,183616,182609,1007,89550,88810,740,92586,92319,267,1480,1480,0,2008,2,113841920,113217580,624340,55521000,55062200,458800,57403320,57237780,165540,917600,917600,0,Autogestion
2008-03-01,184734,183869,865,90619,90007,612,92368,92115,253,1747,1747,0,2008,3,114535080,113998780,536300,56183780,55804340,379440,57268160,57111300,156860,1083140,1083140,0,Autogestion
2008-04-01,184761,183712,1049,91324,90617,707,91693,91351,342,1744,1744,0,2008,4,114551820,113901440,650380,56620880,56182540,438340,56849660,56637620,212040,1081280,1081280,0,Autogestion
2008-05-01,187624,186769,855,92186,91548,638,93693,93476,217,1745,1745,0,2008,5,116326880,115796780,530100,57155320,56759760,395560,58089660,57955120,134540,1081900,1081900,0,Autogestion
2008-06-01,193338,192858,480,92125,91752,373,99471,99364,107,1742,1742,0,2008,6,119869560,119571960,297600,57117500,56886240,231260,61672020,61605680,66340,1080040,1080040,0,Autogestion
2008-07-01,194686,194000,686,92474,91973,501,100433,100248,185,1779,1779,0,2008,7,120705320,120280000,425320,57333880,57023260,310620,62268460,62153760,114700,1102980,1102980,0,Autogestion
2008-08-01,198632,198020,612,92769,92346,423,104062,103873,189,1801,1801,0,2008,8,123151840,122772400,379440,57516780,57254520,262260,64518440,64401260,117180,1116620,1116620,0,Autogestion
2008-09-01,197971,197090,881,92554,91933,621,103632,103372,260,1785,1785,0,2008,9,122742020,122195800,546220,57383480,56998460,385020,64251840,64090640,161200,1106700,1106700,0,Autogestion
2008-10-01,197695,196996,699,92672,92172,500,103236,103037,199,1787,1787,0,2008,10,122570900,122137520,433380,57456640,57146640,310000,64006320,63882940,123380,1107940,1107940,0,Autogestion
2008-11-01,197994,197335,659,92323,91877,446,103888,103678,210,1783,1780,3,2008,11,122756280,122347700,408580,57240260,56963740,276520,64410560,64280360,130200,1105460,1103600,1860,Autogestion
2008-12-01,197959,197080,879,92646,92063,583,103422,103126,296,1891,1891,0,2008,12,122734580,122189600,544980,57440520,57079060,361460,64121640,63938120,183520,1172420,1172420,0,Autogestion
2009-01-01,197595,196828,767,92850,92327,523,102865,102622,243,1880,1879,1,2009,1,122508900,122033360,475540,57567000,57242740,324260,63776300,63625640,150660,1165600,1164980,620,Autogestion
2009-02-01,197495,196819,676,92755,92309,446,102872,102642,230,1868,1868,0,2009,2,122446900,122027780,419120,57508100,57231580,276520,63780640,63638040,142600,1158160,1158160,0,Autogestion
2009-03-01,197914,197310,604,93515,93092,423,102546,102365,181,1853,1853,0,2009,3,122706680,122332200,374480,57979300,57717040,262260,63578520,63466300,112220,1148860,1148860,0,Autogestion
2009-04-01,200699,200350,349,93339,93147,192,102135,101981,154,5225,5222,3,2009,4,124433380,124217000,216380,57870180,57751140,119040,63323700,63228220,95480,3239500,3237640,1860,Autogestion
2009-05-01,200427,199823,604,93562,93166,396,101643,101437,206,5222,5220,2,2009,5,124264740,123890260,374480,58008440,57762920,245520,63018660,62890940,127720,3237640,3236400,1240,Autogestion
2009-06-01,202640,202535,105,93467,93391,76,103956,103927,29,5217,5217,0,2009,6,125636800,125571700,65100,57949540,57902420,47120,64452720,64434740,17980,3234540,3234540,0,Autogestion
2009-07-01,203961,203754,207,93746,93609,137,105052,104982,70,5163,5163,0,2009,7,126455820,126327480,128340,58122520,58037580,84940,65132240,65088840,43400,3201060,3201060,0,Autogestion
2009-08-01,206097,205647,450,94583,94292,291,106407,106248,159,5107,5107,0,2009,8,136203614,135905770,297844,62605423,62412817,192606,70431851,70326613,105238,3166340,3166340,0,Autogestion
2009-09-01,206441,205437,1004,94494,93954,540,106872,106408,464,5075,5075,0,2009,9,136432661,135768111,664550,62546519,62189092,357427,70739642,70432519,307123,3146500,3146500,0,Autogestion
2009-10-01,210276,209413,863,94751,94390,361,110437,109935,502,5088,5088,0,2009,10,138970539,138399319,571220,62716629,62477684,238945,73099350,72767075,332275,3154560,3154560,0,Autogestion
2009-11-01,209945,209065,880,94483,94096,387,110420,109962,458,5042,5007,35,2009,11,138964680,138382213,582467,62539235,62283083,256152,73088096,72784947,303149,3337349,3314183,23166,Autogestion
2009-12-01,208157,207201,956,93724,93258,466,109435,108957,478,4998,4986,12,2009,12,149883368,149194360,689008,67619986,67283781,336205,78955157,78610296,344861,3308225,3300283,7942,Autogestion
2010-01-01,206387,205475,912,92638,92156,482,108808,108379,429,4941,4940,1,2010,1,148609734,147951825,657909,66836452,66488710,347742,78502786,78193280,309506,3270496,3269835,661,Autogestion
2010-02-01,205286,204275,1011,92076,91634,442,108349,107780,569,4861,4861,0,2010,2,148109723,147380326,729397,66430981,66112098,318883,78171628,77761114,410514,3507114,3507114,0,Autogestion
2010-03-01,204296,203413,883,91928,91530,398,107621,107137,484,4747,4746,1,2010,3,147395457,146758410,637047,66324202,66037064,287138,77646390,77297202,349188,3424865,3424144,721,Autogestion
2010-04-01,200858,200062,796,90732,90387,345,106638,106188,450,3488,3487,1,2010,4,144915011,144340730,574281,65461313,65212412,248901,76937177,76612518,324659,2516521,2515800,721,Autogestion
2010-05-01,198410,197735,675,89047,88722,325,104746,104396,350,4617,4617,0,2010,5,143148828,142661847,486981,64245620,64011148,234472,75572135,75319626,252509,3331073,3331073,0,Autogestion
2010-06-01,197037,195900,1137,88309,87733,576,104103,103544,559,4625,4623,2,2010,6,142158231,141337931,820300,63713166,63297604,415562,75108221,74704925,403296,3336844,3335402,1442,Autogestion
2010-07-01,195588,194534,1054,87398,86868,530,103130,102608,522,5060,5058,2,2010,7,141112806,140352388,760418,63055897,62673524,382373,74406222,74029619,376603,3650687,3649245,1442,Autogestion
2010-08-01,193801,192909,892,86318,85895,423,102516,102048,468,4967,4966,1,2010,8,139823523,139179984,643539,62276700,61971524,305176,73963233,73625591,337642,3583590,3582869,721,Autogestion
2010-09-01,193325,192402,923,86120,85721,399,101922,101399,523,5283,5282,1,2010,9,139480102,138814194,665908,62133848,61845987,287861,73534676,73157350,377326,3811578,3810857,721,Autogestion
2010-10-01,189868,188913,955,83958,83554,404,100276,99738,538,5634,5621,13,2010,10,136985947,136296950,688997,60574010,60282539,291471,72347120,71958972,388148,4064817,4055439,9378,Autogestion
2010-11-01,188856,188234,622,83806,83559,247,99663,99290,373,5387,5385,2,2010,11,136255812,135807065,448747,60464348,60286147,178201,71904853,71635749,269104,3886611,3885169,1442,Autogestion
2010-12-01,187951,187366,585,83500,83263,237,99098,98750,348,5353,5353,0,2010,12,135602875,135180821,422054,60243575,60072589,170986,71497218,71246150,251068,3862082,3862082,0,Autogestion
2011-01-01,185507,184862,645,82514,82236,278,97565,97201,364,5428,5425,3,2011,1,133839571,133374235,465336,59532195,59331629,200566,70391184,70128577,262607,3916192,3914029,2163,Autogestion
2011-02-01,183734,183077,657,81746,81463,283,96540,96182,358,5448,5432,16,2011,2,132560390,132086393,473997,58978097,58773925,204172,69651672,69393389,258283,3930621,3919079,11542,Autogestion
2011-03-01,180602,180061,541,80379,80124,255,94767,94482,285,5456,5455,1,2011,3,130300718,129910409,390309,57991834,57807863,183971,68372490,68166873,205617,3936394,3935673,721,Autogestion
2011-04-01,177870,177368,502,79123,78895,228,93330,93059,271,5417,5414,3,2011,4,128329628,127967463,362165,57085651,56921164,164487,67335722,67140207,195515,3908255,3906092,2163,Autogestion
2011-05-01,175656,174878,778,77979,77584,395,92118,91739,379,5559,5555,4,2011,5,126732274,126170978,561296,56260280,55975304,284976,66461288,66187853,273435,4010706,4007821,2885,Autogestion
2011-06-01,173748,173105,643,77062,76766,296,91042,90699,343,5644,5640,4,2011,6,125355693,124891794,463899,55598685,55385133,213552,65684977,65437514,247463,4072031,4069147,2884,Autogestion
2011-07-01,171807,171129,678,76149,75847,302,90083,89712,371,5575,5570,5,2011,7,123955294,123466149,489145,54939970,54722093,217877,64993074,64725413,267661,4022250,4018643,3607,Autogestion
2011-08-01,168497,167809,688,74691,74386,305,88258,87878,380,5548,5545,3,2011,8,121567197,121070836,496361,53888053,53668011,220042,63676374,63402219,274155,4002770,4000606,2164,Autogestion
2011-09-01,166322,164901,1421,73662,73046,616,87272,86593,679,5388,5262,126,2011,9,119997983,118972772,1025211,53145655,52701228,444427,62964997,62475117,489880,3887331,3796427,90904,Autogestion
2011-10-01,160682,159943,739,70790,70493,297,84312,83876,436,5580,5574,6,2011,10,115928834,115395674,533160,51073562,50859289,214273,60829416,60514856,314560,4025856,4021529,4327,Autogestion
2011-11-01,159329,158666,663,70244,69954,290,83505,83139,366,5580,5573,7,2011,11,125643649,125120833,522816,55393007,55164325,228682,65850367,65561752,288615,4400275,4394756,5519,Autogestion
2011-12-01,158239,156903,1336,69728,69194,534,82941,82420,521,5570,5289,281,2011,12,124784093,123730566,1053527,54986097,54565004,421093,65405607,64994763,410844,4392389,4170799,221590,Autogestion
2012-01-01,157172,156515,657,69211,68889,322,82415,82085,330,5546,5541,5,2012,1,123942680,123424597,518083,54578402,54324487,253915,64990815,64730589,260226,4373463,4369521,3942,Autogestion
2012-02-01,156575,155982,593,68912,68602,310,82105,81834,271,5558,5546,12,2012,2,123471901,123004284,467617,54342619,54098165,244454,64746356,64532655,213701,4382926,4373464,9462,Autogestion
2012-03-01,155816,155362,454,68567,68317,250,81650,81448,202,5599,5597,2,2012,3,122873370,122515364,358006,54070557,53873419,197138,64387554,64228263,159291,4415259,4413682,1577,Autogestion
2012-04-01,154947,154453,494,68154,67861,293,81178,80980,198,5615,5612,3,2012,4,122188090,121798545,389545,53744873,53513827,231046,64015342,63859208,156134,4427875,4425510,2365,Autogestion
2012-05-01,154307,153909,398,67806,67580,226,80917,80751,166,5584,5578,6,2012,5,121683401,121369558,313843,53470449,53292236,178213,63809523,63678623,130900,4403429,4398699,4730,Autogestion
2012-06-01,153772,153467,305,67547,67368,179,80529,80408,121,5696,5691,5,2012,6,121261511,121021005,240506,53266206,53125057,141149,63503555,63408140,95415,4491750,4487808,3942,Autogestion
2012-07-01,152906,152221,685,66986,66595,391,80292,80009,283,5628,5617,11,2012,7,120578600,120038435,540165,52823814,52515485,308329,63316660,63093497,223163,4438126,4429453,8673,Autogestion
2012-08-01,153722,153297,425,67450,67205,245,80703,80538,165,5569,5554,15,2012,8,121222082,120886947,335135,53189714,52996518,193196,63640767,63510656,130111,4391601,4379773,11828,Autogestion
2012-09-01,152733,152403,330,66819,66629,190,80310,80176,134,5604,5598,6,2012,9,120442175,120181956,260219,52692118,52542296,149822,63330856,63225190,105666,4419201,4414470,4731,Autogestion
2012-10-01,151246,150887,359,66170,65966,204,79533,79400,133,5543,5521,22,2012,10,119269558,118986470,283088,52180332,52019468,160864,62718128,62613252,104876,4371098,4353750,17348,Autogestion
2012-11-01,150849,150314,535,66068,65851,217,79264,78952,312,5517,5511,6,2012,11,118956489,118534613,421876,52099895,51928781,171114,62506000,62259968,246032,4350594,4345864,4730,Autogestion
2012-12-01,150291,149186,1105,65984,65508,476,78794,78440,354,5513,5238,275,2012,12,118516464,117645095,871369,52033655,51658298,375357,62135369,61856215,279154,4347440,4130582,216858,Autogestion
2013-01-01,149586,148518,1068,65793,65333,460,78321,77983,338,5472,5202,270,2013,1,117960514,117118324,842190,51883036,51520297,362739,61762370,61495834,266536,4315108,4102193,212915,Autogestion
2013-02-01,149303,148087,1216,65703,65166,537,78108,77701,407,5492,5220,272,2013,2,117737344,116778445,958899,51812064,51388604,423460,61594401,61273454,320947,4330879,4116387,214492,Autogestion
2013-03-01,149038,148556,482,65665,65393,272,77766,77564,202,5607,5599,8,2013,3,117528370,117148289,380081,51782098,51567611,214487,61324706,61165419,159287,4421566,4415259,6307,Autogestion
2013-04-01,148741,148181,560,65555,65236,319,77586,77353,233,5600,5592,8,2013,4,117294162,116852571,441591,51695355,51443804,251551,61182761,60999028,183733,4416046,4409739,6307,Autogestion
2013-05-01,148473,148091,382,65444,65197,247,77323,77193,130,5706,5701,5,2013,5,117082828,116781599,301229,51607825,51413050,194775,60975367,60872855,102512,4499636,4495694,3942,Autogestion
2013-06-01,147970,147685,285,65131,64976,155,77089,76963,126,5750,5746,4,2013,6,116686173,116461436,224737,51361000,51238774,122226,60790839,60691482,99357,4534334,4531180,3154,Autogestion
2013-07-01,147367,146974,393,64999,64795,204,76639,76452,187,5729,5727,2,2013,7,116210659,115900756,309903,51256906,51096041,160865,60435979,60288518,147461,4517774,4516197,1577,Autogestion
2013-08-01,147435,147013,422,64698,64528,170,77121,76869,252,5616,5616,0,2013,8,122973736,122621002,352734,54080404,53938309,142095,64464667,64254028,210639,4428665,4428665,0,Autogestion
2013-09-01,147293,146417,876,64395,64196,199,77348,76680,668,5550,5541,9,2013,9,123120732,122388505,732227,53827130,53660794,166336,64654414,64096045,558369,4639188,4631666,7522,Autogestion
2013-10-01,145517,145108,409,63506,63243,263,76480,76339,141,5531,5526,5,2013,10,121636191,121294325,341866,53084023,52864191,219832,63928861,63811006,117855,4623307,4619128,4179,Autogestion
2013-11-01,145433,145111,322,63625,63421,204,76307,76193,114,5501,5497,4,2013,11,121565976,121296832,269144,53183494,53012979,170515,63784252,63688966,95286,4598230,4594887,3343,Autogestion
2013-12-01,145169,144799,370,63622,63400,222,76032,75902,130,5515,5497,18,2013,12,121345299,121036035,309264,53180987,52995426,185561,63554381,63445722,108659,4609931,4594887,15044,Autogestion
2014-01-01,144548,144101,447,63428,63178,250,75625,75499,126,5495,5424,71,2014,1,120826210,120452584,373626,53018820,52809858,208962,63214176,63108859,105317,4593214,4533867,59347,Autogestion
2014-02-01,144426,143202,1224,63428,62832,596,75527,75146,381,5471,5224,247,2014,2,120724231,119701118,1023113,53018822,52520640,498182,63132257,62813789,318468,4573152,4366689,206463,Autogestion
2014-03-01,144815,144025,790,64083,63579,504,75255,74981,274,5477,5465,12,2014,3,121049393,120389056,660337,53566330,53145050,421280,62904896,62675868,229028,4578167,4568138,10029,Autogestion
2014-04-01,145095,144590,505,64206,63851,355,75143,75003,140,5746,5736,10,2014,4,121283445,120861334,422111,53669145,53372412,296733,62811277,62694257,117020,4803023,4794665,8358,Autogestion
2014-05-01,145384,144920,464,64352,64052,300,75097,74946,151,5935,5922,13,2014,5,121525020,121137177,387843,53791186,53540426,250760,62772828,62646611,126217,4961006,4950140,10866,Autogestion
2014-06-01,146145,145570,575,64845,64553,292,75186,74918,268,6114,6099,15,2014,6,122161129,121680507,480622,54203278,53959207,244071,62847222,62623207,224015,5110629,5098093,12536,Autogestion
2014-07-01,146320,145297,1023,65226,64777,449,75129,74566,563,5965,5954,11,2014,7,122307410,121452308,855102,54521751,54146446,375305,62799576,62328973,470603,4986083,4976889,9194,Autogestion
2014-08-01,146584,146111,473,65334,65035,299,74809,74641,168,6441,6435,6,2014,8,122528085,122132723,395362,54612029,54362106,249923,62532091,62391665,140426,5383965,5378952,5013,Autogestion
2014-09-01,147327,146701,626,65387,65087,300,74879,74558,321,7061,7056,5,2014,9,123149152,122625897,523255,54656331,54405572,250759,62590604,62322286,268318,5902217,5898039,4178,Autogestion
2014-10-01,148502,147727,775,66285,65979,306,74912,74447,465,7305,7301,4,2014,10,124131321,123483520,647801,55406960,55151186,255774,62618187,62229502,388685,6106174,6102832,3342,Autogestion
2014-11-01,149409,148680,729,66950,66626,324,74689,74288,401,7770,7766,4,2014,11,124889472,124280124,609348,55962827,55692007,270820,62431781,62096596,335185,6494864,6491521,3343,Autogestion
2014-12-01,148970,148244,726,67159,66766,393,73916,73586,330,7895,7892,3,2014,12,124522517,123915675,606842,56137528,55809031,328497,61785640,61509801,275839,6599349,6596843,2506,Autogestion
2015-01-01,163285,158438,4847,67244,66742,502,73843,73266,577,22198,18430,3768,2015,1,136488280,132436738,4051542,56208575,55788970,419605,61724621,61242316,482305,18555084,15405452,3149632,Autogestion
2015-02-01,164409,162822,1587,68014,67278,736,74087,73294,793,22308,22250,58,2015,2,137427818,136101280,1326538,56852211,56237007,615204,61928575,61265721,662854,18647032,18598552,48480,Autogestion
2015-03-01,166169,163884,2285,69915,68150,1765,74018,73513,505,22236,22221,15,2015,3,138898985,136988995,1909990,58441237,56965903,1475334,61870900,61448781,422119,18586848,18574311,12537,Autogestion
2015-04-01,166705,165808,897,70970,70458,512,73538,73158,380,22197,22192,5,2015,4,139347022,138597247,749775,59323101,58895137,427964,61469672,61152040,317632,18554249,18550070,4179,Autogestion
2015-05-01,166837,165953,884,71554,71039,515,73132,72797,335,22151,22117,34,2015,5,139457363,138718452,738911,59811263,59380789,430474,61130302,60850284,280018,18515798,18487379,28419,Autogestion
2015-06-01,167281,166451,830,72610,72081,529,72768,72476,292,21903,21894,9,2015,6,139828503,139134725,693778,60693966,60251787,442179,60826040,60581963,244077,18308497,18300975,7522,Autogestion
2015-07-01,168190,167204,986,73663,73144,519,72521,72060,461,22006,22000,6,2015,7,140588328,139764151,824177,61574158,61140338,433820,60619575,60234233,385342,18394595,18389580,5015,Autogestion
2015-08-01,170068,168954,1114,75191,74600,591,72942,72425,517,21935,21929,6,2015,8,142158124,141226958,931166,62851395,62357394,494001,60971484,60539333,432151,18335245,18330231,5014,Autogestion
2015-09-01,169974,169090,884,75817,75211,606,72205,71931,274,21952,21948,4,2015,9,142079549,141340638,738911,63374661,62868122,506539,60355433,60126403,229030,18349455,18346113,3342,Autogestion
2015-10-01,166837,165888,949,74040,73593,447,70686,70189,497,22111,22106,5,2015,10,139531820,138664119,867701,61924542,61515652,408890,59124916,58670283,454633,18482362,18478184,4178,Autogestion
2015-11-01,165626,164722,904,73314,72793,521,70262,69925,337,22050,22004,46,2015,11,149768942,148945640,823302,67064705,66588124,476581,64272864,63964593,308271,18431373,18392923,38450,Autogestion
2015-12-01,165259,163631,1628,72454,71872,582,70343,69400,943,22462,22359,103,2015,12,151172308,149683092,1489216,66278011,65745630,532381,64346960,63484344,862616,20547337,20453118,94219,Autogestion
2016-01-01,163622,162641,981,71623,71060,563,69522,69330,192,22477,22251,226,2016,1,149674845,148777479,897366,65517846,65002845,515001,63595940,63420310,175630,20561059,20354324,206735,Autogestion
2016-02-01,162923,161410,1513,70918,70259,659,69493,68919,574,22512,22232,280,2016,2,149035424,147651410,1384014,64872939,64270122,602817,63569410,63044344,525066,20593075,20336944,256131,Autogestion
2016-03-01,163297,162391,906,71908,71517,391,69009,68690,319,22380,22184,196,2016,3,149377550,148548789,828761,65778553,65420890,357663,63126670,62834864,291806,20472327,20293035,179292,Autogestion
2016-04-01,162527,161436,1091,71608,71124,484,68553,68073,480,22366,22239,127,2016,4,148673187,147675194,997993,65504127,65061390,442737,62709540,62270457,439083,20459520,20343347,116173,Autogestion
2016-05-01,162199,159909,2290,72064,70177,1887,67877,67564,313,22258,22168,90,2016,5,148373145,146278355,2094790,65921257,64195112,1726145,62091161,61804844,286317,20360727,20278399,82328,Autogestion
2016-06-01,160394,158071,2323,71238,69226,2012,66912,66675,237,22244,22170,74,2016,6,146722003,144597027,2124976,65165665,63325175,1840490,61208418,60991623,216795,20347920,20280229,67691,Autogestion
2016-07-01,158928,156667,2261,70254,68316,1938,66471,66207,264,22203,22144,59,2016,7,145380965,143312704,2068261,64265540,62492744,1772796,60805010,60563515,241495,20310415,20256445,53970,Autogestion
2016-08-01,157980,155316,2664,69547,67466,2081,66306,65759,547,22127,22091,36,2016,8,144513775,142076863,2436912,63618808,61715198,1903610,60654073,60153702,500371,20240894,20207963,32931,Autogestion
2016-09-01,158265,153714,4551,70509,66660,3849,65770,65116,654,21986,21938,48,2016,9,144774478,140611417,4163061,64498806,60977901,3520905,60163763,59565512,598251,20111909,20068004,43905,Autogestion
2016-10-01,157215,154429,2786,69853,67597,2256,65407,64923,484,21955,21909,46,2016,10,143813975,141265470,2548505,63898721,61835031,2063690,59831703,59388963,442740,20083551,20041476,42075,Autogestion
2016-11-01,155345,150910,4435,68828,65002,3826,64759,64192,567,21758,21716,42,2016,11,142103379,138046430,4056949,62961095,59461229,3499866,59238940,58720273,518667,19903344,19864928,38416,Autogestion
2016-12-01,151290,148940,2350,65938,63958,1980,63803,63473,330,21549,21509,40,2016,12,138394026,136244353,2149673,60317437,58506220,1811217,58364431,58062561,301870,19712158,19675572,36586,Autogestion
2017-01-01,151793,148870,2923,67144,64912,2232,63233,62587,646,21416,21371,45,2017,1,138854150,136180320,2673830,61420639,59378901,2041738,57843017,57252084,590933,19590494,19549335,41159,Autogestion
2017-02-01,146497,145230,1267,64062,63205,857,61108,60745,363,21327,21280,47,2017,2,134009577,132850593,1158984,58601345,57817405,783940,55899151,55567096,332055,19509081,19466092,42989,Autogestion
2017-03-01,146169,145343,826,64160,63788,372,60798,60521,277,21211,21034,177,2017,3,133709538,132953960,755578,58690994,58350710,340284,55615574,55362189,253385,19402970,19241061,161909,Autogestion
2017-04-01,145540,143164,2376,64090,62172,1918,60335,59911,424,21115,21081,34,2017,4,133134152,130960699,2173453,58626961,56872458,1754503,55192039,54804186,387853,19315152,19284055,31097,Autogestion
2017-05-01,146161,144026,2135,65894,64041,1853,59473,59227,246,20794,20758,36,2017,5,133702222,131749223,1952999,60277188,58582145,1695043,54403517,54178490,225027,19021517,18988588,32929,Autogestion
2017-06-01,144214,139892,4322,64878,61096,3782,58926,58411,515,20410,20385,25,2017,6,131921181,127967604,3953577,59347789,55888176,3459613,53903143,53432046,471097,18670249,18647382,22867,Autogestion
2017-07-01,143312,140598,2714,64096,61847,2249,58719,58270,449,20497,20481,16,2017,7,131096069,128613425,2482644,58632450,56575161,2057289,53713787,53303065,410722,18749832,18735199,14633,Autogestion
2017-08-01,139639,138300,1339,61901,61277,624,58979,58274,705,18759,18749,10,2017,8,127736157,126511307,1224850,56624551,56053748,570803,53951625,53306724,644901,17159981,17150835,9146,Autogestion
2017-09-01,137427,135178,2249,60910,58935,1975,57362,57102,260,19155,19141,14,2017,9,125712706,123655426,2057280,55718022,53911380,1806642,52472457,52234625,237832,17522227,17509421,12806,Autogestion
2017-10-01,137098,134510,2588,60184,58193,1991,57427,56861,566,19487,19456,31,2017,10,125411750,123044366,2367384,55053910,53232628,1821282,52531917,52014168,517749,17825923,17797570,28353,Autogestion
2017-11-01,137609,134712,2897,61044,59096,1948,58120,57176,944,18445,18440,5,2017,11,137659751,134723798,2935953,61875412,59900887,1974525,58911592,57954737,956855,16872747,16868174,4573,Autogestion
2017-12-01,133061,132437,624,57926,57581,345,56732,56458,274,18403,18398,5,2017,12,134873279,134240790,632489,58714947,58365253,349694,57504685,57226957,277728,18653647,18648580,5067,Autogestion
2018-01-01,132977,132031,946,58128,57748,380,56448,56056,392,18401,18227,174,2018,1,134788133,133829260,958873,58919697,58534527,385170,57216817,56819482,397335,18651619,18475251,176368,Autogestion
2018-02-01,131399,130366,1033,56441,56041,400,56584,56126,458,18374,18199,175,2018,2,133188642,132141584,1047058,57209721,56804278,405443,57354669,56890436,464233,18624252,18446870,177382,Autogestion
2018-03-01,132103,130700,1403,56746,56215,531,56914,56176,738,18443,18309,134,2018,3,133902230,132480133,1422097,57518874,56980648,538226,57689165,56941117,748048,18694191,18558368,135823,Autogestion
2018-04-01,132824,132008,816,56977,56683,294,57362,56958,404,18485,18367,118,2018,4,134633053,133805947,827106,57753022,57455022,298000,58143267,57733767,409500,18736764,18617158,119606,Autogestion
2018-05-01,133165,132364,801,56996,56616,380,57691,57270,421,18478,18478,0,2018,5,134978696,134166796,811900,57772277,57387109,385168,58476749,58050017,426732,18729670,18729670,0,Autogestion
2018-06-01,134181,133551,630,57389,57129,260,58261,57897,364,18531,18525,6,2018,6,136008535,135369963,638572,58170632,57907096,263536,59054512,58685557,368955,18783391,18777310,6081,Autogestion
2018-07-01,135803,135146,657,57866,57567,299,59214,58859,355,18723,18720,3,2018,7,137652628,136986687,665941,58654129,58351062,303067,60020493,59660659,359834,18978006,18974966,3040,Autogestion
2018-08-01,138430,136884,1546,59011,58000,1011,60342,59808,534,19077,19076,1,2018,8,140315407,138748359,1567048,59814724,58789960,1024764,61163855,60622584,541271,19336828,19335815,1013,Autogestion
2018-09-01,139408,137294,2114,60119,58221,1898,60037,59823,214,19252,19250,2,2018,9,141306727,139163944,2142783,60937813,59013970,1923843,60854702,60637789,216913,19514212,19512185,2027,Autogestion
2018-10-01,141921,138339,3582,62278,58965,3313,60187,59924,263,19456,19450,6,2018,10,143853951,140223176,3630775,63126219,59768103,3358116,61006743,60740164,266579,19720989,19714909,6080,Autogestion
2018-11-01,143715,139489,4226,63837,59890,3947,60301,60026,275,19577,19573,4,2018,11,145672389,141388839,4283550,64706454,60705701,4000753,61122297,60843554,278743,19843638,19839584,4054,Autogestion
2018-12-01,142901,140602,2299,62904,60872,2032,60337,60075,262,19660,19655,5,2018,12,144847304,142516998,2330306,63760747,61701076,2059671,61158788,60893221,265567,19927769,19922701,5068,Autogestion
2019-01-01,145165,141051,4114,64782,60924,3858,60677,60423,254,19706,19704,2,2019,1,147142138,142972113,4170025,65664326,61753784,3910542,61503417,61245961,257456,19974395,19972368,2027,Autogestion
2019-02-01,145824,139925,5899,65152,59555,5597,60846,60556,290,19826,19814,12,2019,2,147810112,141830777,5979335,66039365,60366139,5673226,61674719,61380772,293947,20096028,20083866,12162,Autogestion
2019-03-01,146509,142246,4263,65554,61609,3945,61044,60733,311,19911,19904,7,2019,3,148504443,144183389,4321054,66446840,62448114,3998726,61875417,61560183,315234,20182186,20175092,7094,Autogestion
2019-04-01,148762,143033,5729,66469,60934,5535,62269,62080,189,20024,20019,5,2019,4,150788129,144981108,5807021,67374303,61763921,5610382,63117101,62925529,191572,20296725,20291658,5067,Autogestion
2019-05-01,147274,141520,5754,65803,60295,5508,61480,61238,242,19991,19987,4,2019,5,149279863,143447500,5832363,66699232,61116217,5583015,62317356,62072061,245295,20263275,20259222,4053,Autogestion
2019-06-01,148130,143020,5110,66287,62005,4282,62126,61308,818,19717,19707,10,2019,6,150147522,144967931,5179591,67189826,62849508,4340318,62972152,62143014,829138,19985544,19975409,10135,Autogestion
2019-07-01,144970,142569,2401,62574,60588,1986,62570,62160,410,19826,19821,5,2019,7,146944482,144510789,2433693,63426253,61413208,2013045,63422200,63006619,415581,20096029,20090962,5067,Autogestion
2019-08-01,146034,143585,2449,62934,60926,2008,63210,62771,439,19890,19888,2,2019,8,148022974,145540627,2482347,63791158,61755812,2035346,64070916,63625941,444975,20160900,20158874,2026,Autogestion
2019-09-01,147350,145015,2335,63309,61252,2057,64155,63883,272,19886,19880,6,2019,9,149356887,146990103,2366784,64171256,62086252,2085004,65028786,64753086,275700,20156845,20150765,6080,Autogestion
2019-10-01,147942,145853,2089,63483,61910,1573,64226,63758,468,20233,20185,48,2019,10,150033845,147916412,2117433,64386011,62791598,1594413,65139265,64664895,474370,20508569,20459919,48650,Autogestion
2019-11-01,149136,148305,831,64042,63587,455,64639,64311,328,20455,20407,48,2019,11,171008528,170045505,963023,74788873,74257534,531339,75486062,75103028,383034,20733593,20684943,48650,Autogestion
2019-12-01,149286,148283,1003,64177,63645,532,64617,64151,466,20492,20487,5,2019,12,174337656,173166369,1171287,74946526,74325267,621259,75460369,74916179,544190,23930761,23924923,5838,Autogestion
2020-01-01,152115,151491,624,65108,64787,321,66326,66027,299,20681,20677,4,2020,1,177641393,176912703,728690,76033759,75658906,374853,77456159,77106990,349169,24151475,24146807,4668,Autogestion
2020-02-01,154180,153408,772,66379,65950,429,67049,66712,337,20752,20746,6,2020,2,180052921,179151395,901526,77518045,77017069,500976,78300486,77906940,393546,24234390,24227386,7004,Autogestion
2020-03-01,154573,153923,650,66808,66402,406,66815,66578,237,20950,20943,7,2020,3,180511868,179752817,759051,78019036,77544919,474117,78027215,77750454,276761,24465617,24457444,8173,Autogestion
2020-04-01,156358,153612,2746,67694,65722,1972,67374,66704,670,21290,21186,104,2020,4,182596406,179389628,3206778,79053715,76750808,2302907,78680020,77897598,782422,24862671,24741222,121449,Autogestion
2020-05-01,155647,153896,1751,66887,65818,1069,67444,66849,595,21316,21229,87,2020,5,181766096,179721286,2044810,78111294,76862918,1248376,78761766,78066930,694836,24893036,24791438,101598,Autogestion
2020-06-01,157361,156424,937,67421,66941,480,68369,67921,448,21571,21562,9,2020,6,183767728,182673511,1094217,78734905,78174369,560536,79841995,79318823,523172,25190828,25180319,10509,Autogestion
2020-07-01,158402,157561,841,68192,67715,477,68605,68247,358,21605,21599,6,2020,7,184983421,184001311,982110,79635288,79078254,557034,80117600,79699529,418071,25230533,25223528,7005,Autogestion
2020-08-01,159159,157906,1253,68468,67754,714,68942,68408,534,21749,21744,5,2020,8,185867453,184404204,1463249,79957605,79123798,833807,80511151,79887546,623605,25398697,25392860,5837,Autogestion
2020-09-01,159553,158560,993,68505,67938,567,69247,68826,421,21801,21796,5,2020,9,186327573,185167952,1159621,80000815,79338675,662140,80867335,80375691,491644,25459423,25453586,5837,Autogestion
2020-10-01,159994,159034,960,68781,68296,485,69933,69463,470,21280,21275,5,2020,10,186842568,185721494,1121074,80323124,79756751,566373,81668450,81119586,548864,24850994,24845157,5837,Autogestion
2020-11-01,158951,157730,1221,68052,67351,701,69415,68928,487,21484,21451,33,2020,11,185624545,184198670,1425875,79471793,78653171,818622,81063523,80494807,568716,25089229,25050692,38537,Autogestion
2020-12-01,160369,159567,802,68972,68499,473,69905,69579,326,21492,21489,3,2020,12,187280503,186343937,936566,80546179,79993817,552362,81635752,81255051,380701,25098572,25095069,3503,Autogestion
2021-01-01,162460,161225,1235,71177,70399,778,70023,69572,451,21260,21254,6,2021,1,189722391,188280166,1442225,83121202,82212656,908546,81773550,81246877,526673,24827639,24820633,7006,Autogestion
2021-02-01,156668,155287,1381,70024,69189,835,65424,64885,539,21220,21213,7,2021,2,182958431,181345710,1612721,81774714,80799606,975108,76402791,75773351,629440,24780926,24772753,8173,Autogestion
2021-03-01,158142,157138,1004,72017,71591,426,64757,64182,575,21368,21365,3,2021,3,184679786,183507326,1172460,84102160,83604685,497475,75623864,74952381,671483,24953762,24950260,3502,Autogestion
2021-04-01,165497,162248,3249,75324,74708,616,68589,65957,2632,21584,21583,1,2021,4,193269031,189474836,3794195,87964108,87244749,719359,80098913,77025244,3073669,25206010,25204843,1167,Autogestion
2021-05-01,169713,166583,3130,77758,77190,568,70237,67677,2560,21718,21716,2,2021,5,198192515,194537291,3655224,90806557,90143253,663304,82023463,79033877,2989586,25362495,25360161,2334,Autogestion
2021-06-01,171479,170454,1025,80639,80026,613,68872,68465,407,21968,21963,5,2021,6,200254871,199057885,1196986,94171021,93455163,715858,80429402,79954111,475291,25654448,25648611,5837,Autogestion
2021-07-01,174975,173741,1234,82741,82115,626,70054,69451,603,22180,22175,5,2021,7,204337533,202896476,1441057,96625757,95894718,731039,81809753,81105572,704181,25902023,25896186,5837,Autogestion
2021-08-01,177226,176160,1066,84204,83621,583,71142,70662,480,21880,21877,3,2021,8,206966279,205721409,1244870,98334265,97653440,680825,83080333,82519790,560543,25551681,25548179,3502,Autogestion
2021-09-01,179132,177447,1685,85045,84306,739,71870,70928,942,22217,22213,4,2021,9,209192125,207224379,1967746,99316394,98453389,863005,83930498,82830427,1100071,25945233,25940563,4670,Autogestion
2021-10-01,181668,180658,1010,86316,85746,570,72894,72458,436,22458,22454,4,2021,10,237627290,236286857,1340433,114611240,113854396,756844,96789375,96210456,578919,26226675,26222005,4670,Autogestion
2021-11-01,183499,182725,774,87560,87107,453,73418,73100,318,22521,22518,3,2021,11,240048433,239021201,1027232,116263034,115661545,601489,97485151,97062911,422240,26300248,26296745,3503,Autogestion
2021-12-01,185072,183821,1251,88808,88124,684,73772,73208,564,22492,22489,3,2021,12,245740437,244079361,1661076,117920141,117011928,908213,97955194,97206314,748880,29865102,29861119,3983,Autogestion
2022-01-01,190374,189026,1348,93177,92477,700,74510,73866,644,22687,22683,4,2022,1,252780489,250990612,1789877,123721345,122791885,929460,98935120,98080013,855107,30124024,30118714,5310,Autogestion
2022-02-01,191172,188622,2550,93794,92307,1487,74800,73780,1020,22578,22535,43,2022,2,253840081,250454176,3385905,124540604,122566157,1974447,99320184,97965821,1354363,29979293,29922198,57095,Autogestion
2022-03-01,192506,191593,913,94267,93826,441,75609,75140,469,22630,22627,3,2022,3,255611379,254399100,1212279,125168658,124583101,585557,100394383,99771643,622740,30048338,30044356,3982,Autogestion
2022-04-01,192678,191279,1399,94081,93394,687,75910,75206,704,22687,22679,8,2022,4,255839765,253982167,1857598,124921687,124009487,912200,100794054,99859278,934776,30124024,30113402,10622,Autogestion
2022-05-01,190488,189517,971,92055,91500,555,75694,75285,409,22739,22732,7,2022,5,252931859,251642566,1289293,122231543,121494615,736928,100507246,99964175,543071,30193070,30183776,9294,Autogestion
2022-06-01,191089,190223,866,92449,91935,514,75998,75654,344,22642,22634,8,2022,6,253729870,252580000,1149870,122754698,122072212,682486,100910900,100454137,456763,30064272,30053651,10621,Autogestion
2022-07-01,193261,192005,1256,93813,93187,626,76798,76173,625,22650,22645,5,2022,7,256613876,254946158,1667718,124565833,123734630,831203,101973147,101143271,829876,30074896,30068257,6639,Autogestion
2022-08-01,194282,193410,872,94348,93867,481,77192,76804,388,22742,22739,3,2022,8,257984258,256811731,1172527,125288023,124637541,650482,102499182,101981119,518063,30197053,30193071,3982,Autogestion
2022-09-01,195135,194278,857,94734,94202,532,77542,77220,322,22859,22856,3,2022,9,259240824,257964270,1276554,125875107,125082357,792750,103013310,102533488,479822,30352407,30348425,3982,Autogestion
2022-10-01,196573,195355,1218,95537,94807,730,79396,78912,484,21640,21636,4,2022,10,289408460,287594126,1814334,142363501,141275702,1087799,118311152,117589927,721225,28733807,28728497,5310,Autogestion
2022-11-01,193385,192216,1169,93510,92931,579,78107,77517,590,21768,21768,0,2022,11,288170715,286428749,1741966,139342987,138480200,862787,116390361,115511182,879179,32437367,32437367,0,Autogestion
2022-12-01,194099,193070,1029,94309,93640,669,77961,77605,356,21829,21825,4,2022,12,289234675,287701328,1533347,140533609,139536709,996900,116172801,115642314,530487,32528265,32522305,5960,Autogestion
2023-01-01,194838,193710,1128,94953,94289,664,78021,77563,458,21864,21858,6,2023,1,290335887,288655018,1680869,141493258,140503810,989448,116262209,115579728,682481,32580420,32571480,8940,Autogestion
2023-02-01,195168,193648,1520,95243,94286,957,78053,77495,558,21872,21867,5,2023,2,302091876,299728395,2363481,148116195,146627930,1488265,121383340,120515574,867766,32592341,32584891,7450,Autogestion
2023-03-01,197271,196167,1104,96688,96103,585,78648,78131,517,21935,21933,2,2023,3,305358236,303641502,1716734,150363370,149453619,909751,122308646,121504643,804003,32686220,32683240,2980,Autogestion
2023-04-01,197178,195877,1301,97511,96745,766,77669,77138,531,21998,21994,4,2023,4,306639387,304616157,2023230,151643252,150452019,1191233,120786166,119960389,825777,34209969,34203749,6220,Autogestion
2023-05-01,198761,197729,1032,98748,98114,634,77992,77601,391,22021,22014,7,2023,5,309101173,307496275,1604898,153566961,152581005,985956,121288476,120680419,608057,34245736,34234851,10885,Autogestion
2023-06-01,200285,199269,1016,99930,99274,656,78239,77885,354,22116,22110,6,2023,6,311471206,309891191,1580015,155405137,154384968,1020169,121672594,121122078,550516,34393475,34384145,9330,Autogestion
2023-07-01,200676,199236,1440,99917,99016,901,78550,78015,535,22209,22205,4,2023,7,312079267,309839872,2239395,155384920,153983742,1401178,122156244,121324247,831997,34538103,34531883,6220,Autogestion
2023-08-01,201053,199944,1109,99988,99312,676,78794,78368,426,22271,22264,7,2023,8,312665555,310940910,1724645,155495336,154444063,1051273,122535698,121873211,662487,34634521,34623636,10885,Autogestion
2023-09-01,202830,201500,1330,100839,100135,704,79697,79078,619,22294,22287,7,2023,9,315429040,313360708,2068332,156818760,155723943,1094817,123939990,122977360,962630,34670290,34659405,10885,Autogestion
2023-10-01,202389,201346,1043,101059,100376,683,80249,79895,354,21081,21075,6,2023,10,314743226,313121217,1622009,157160892,156098732,1062160,124798429,124247910,550519,32783905,32774575,9330,Autogestion
2023-11-01,198738,197731,1007,98822,98185,637,78840,78475,365,21076,21071,5,2023,11,309193746,307499385,1694361,153763631,152691420,1072211,122653986,122039611,614375,32776129,32768354,7775,Autogestion
2023-12-01,198299,198299,0,98717,98717,0,78475,78475,0,21107,21107,0,2023,12,308546391,308546391,0,153610844,153610844,0,122111208,122111208,0,32824339,32824339,0,Autogestion
2007-09-01,870326,851540,18786,492087,483110,8977,378198,368389,9809,41,41,0,2007,9,420654625,411574827,9079798,237840407,233501556,4338851,182794402,178053455,4740947,19816,19816,0,Privada
2007-10-01,915549,882239,33310,523959,503508,20451,391478,378619,12859,112,112,0,2007,10,442512221,426412574,16099647,253245090,243360521,9884569,189212999,182997921,6215078,54132,54132,0,Privada
2007-11-01,937872,868564,69308,532222,486581,45641,405101,381452,23649,549,531,18,2007,11,453301594,419803037,33498557,257238843,235179194,22059649,195797404,184367195,11430209,265347,256648,8699,Privada
2007-12-01,971066,944284,26782,548537,532498,16039,421679,410947,10732,850,839,11,2007,12,469345250,456400784,12944466,265124375,257372258,7752117,203810046,198623013,5187033,410829,405513,5316,Privada
2008-01-01,984699,956969,27730,554826,539347,15479,428711,416460,12251,1162,1162,0,2008,1,610513380,593320780,17192600,343992120,334395140,9596980,265800820,258205200,7595620,720440,720440,0,Privada
2008-02-01,1007525,968504,39021,560259,536917,23342,444838,429170,15668,2428,2417,11,2008,2,624665500,600472480,24193020,347360580,332888540,14472040,275799560,266085400,9714160,1505360,1498540,6820,Privada
2008-03-01,1018338,988808,29530,564436,547458,16978,450719,438177,12542,3183,3173,10,2008,3,631369560,613060960,18308600,349950320,339423960,10526360,279445780,271669740,7776040,1973460,1967260,6200,Privada
2008-04-01,1041019,1011736,29283,576019,558828,17191,460846,448764,12082,4154,4144,10,2008,4,645431780,627276320,18155460,357131780,346473360,10658420,285724520,278233680,7490840,2575480,2569280,6200,Privada
2008-05-01,1059838,1025131,34707,574990,553427,21563,479870,466749,13121,4978,4955,23,2008,5,657099560,635581220,21518340,356493800,343124740,13369060,297519400,289384380,8135020,3086360,3072100,14260,Privada
2008-06-01,1069121,1045164,23957,577855,564173,13682,485292,475031,10261,5974,5960,14,2008,6,662855020,648001680,14853340,358270100,349787260,8482840,300881040,294519220,6361820,3703880,3695200,8680,Privada
2008-07-01,1089472,1057021,32451,584763,565292,19471,497090,484154,12936,7619,7575,44,2008,7,675472640,655353020,20119620,362553060,350481040,12072020,308195800,300175480,8020320,4723780,4696500,27280,Privada
2008-08-01,1079776,1050060,29716,591599,574638,16961,479368,466624,12744,8809,8798,11,2008,8,669461120,651037200,18423920,366791380,356275560,10515820,297208160,289306880,7901280,5461580,5454760,6820,Privada
2008-09-01,1084760,1048195,36565,592415,570694,21721,483065,468255,14810,9280,9246,34,2008,9,672551200,649880900,22670300,367297300,353830280,13467020,299500300,290318100,9182200,5753600,5732520,21080,Privada
2008-10-01,1095863,1070172,25691,596154,581845,14309,489499,478143,11356,10210,10184,26,2008,10,679435060,663506640,15928420,369615480,360743900,8871580,303489380,296448660,7040720,6330200,6314080,16120,Privada
2008-11-01,1127983,1093249,34734,616558,596358,20200,500006,485508,14498,11419,11383,36,2008,11,699349460,677814380,21535080,382265960,369741960,12524000,310003720,301014960,8988760,7079780,7057460,22320,Privada
2008-12-01,1142221,1098960,43261,619963,594705,25258,509723,491829,17894,12535,12426,109,2008,12,708177020,681355200,26821820,384377060,368717100,15659960,316028260,304933980,11094280,7771700,7704120,67580,Privada
2009-01-01,1169817,1134238,35579,626817,606511,20306,529659,514467,15192,13341,13260,81,2009,1,725286540,703227560,22058980,388626540,376036820,12589720,328388580,318969540,9419040,8271420,8221200,50220,Privada
2009-02-01,1183742,1148709,35033,630351,609914,20437,538766,524193,14573,14625,14602,23,2009,2,733920040,712199580,21720460,390817620,378146680,12670940,334034920,324999660,9035260,9067500,9053240,14260,Privada
2009-03-01,1189965,1160854,29111,629527,612093,17434,544275,532675,11600,16163,16086,77,2009,3,737778300,719729480,18048820,390306740,379497660,10809080,337450500,330258500,7192000,10021060,9973320,47740,Privada
2009-04-01,1219954,1197654,22300,639097,626657,12440,562899,553182,9717,17958,17815,143,2009,4,756371480,742545480,13826000,396240140,388527340,7712800,348997380,342972840,6024540,11133960,11045300,88660,Privada
2009-05-01,1234220,1199560,34660,642934,624299,18635,571457,555655,15802,19829,19606,223,2009,5,765216400,743727200,21489200,398619080,387065380,11553700,354303340,344506100,9797240,12293980,12155720,138260,Privada
2009-06-01,1242468,1232667,9801,641111,636961,4150,579775,574151,5624,21582,21555,27,2009,6,770330160,764253540,6076620,397488820,394915820,2573000,359460500,355973620,3486880,13380840,13364100,16740,Privada
2009-07-01,1286490,1271929,14561,659291,652545,6746,603767,596046,7721,23432,23338,94,2009,7,797623800,788595980,9027820,408760420,404577900,4182520,374335540,369548520,4787020,14527840,14469560,58280,Privada
2009-08-01,1376167,1340833,35334,707841,688302,19539,643114,627405,15709,25212,25126,86,2009,8,909841971,886457739,23384232,468527008,455593976,12933032,425683523,415285643,10397880,15631440,15578120,53320,Privada
2009-09-01,1395192,1360845,34347,714730,695727,19003,653641,638360,15281,26821,26758,63,2009,9,922367383,899635485,22731898,473086915,460508658,12578257,432651448,422536867,10114581,16629020,16589960,39060,Privada
2009-10-01,1411136,1374422,36714,717602,698117,19485,665259,648194,17065,28275,28111,164,2009,10,932859934,908565533,24294401,474987916,462090623,12897293,440341518,429046090,11295428,17530500,17428820,101680,Privada
2009-11-01,1429792,1392647,37145,723584,704017,19567,676380,659084,17296,29828,29546,282,2009,11,946393537,921806974,24586563,478947464,465995892,12951572,447702625,436254290,11448335,19743448,19556792,186656,Privada
2009-12-01,1449454,1407109,42345,728661,706432,22229,689473,669665,19808,31320,31012,308,2009,12,1043886247,1013353615,30532632,525714314,509676559,16037755,497440916,483149904,14291012,20731017,20527152,203865,Privada
2010-01-01,1474660,1430875,43785,736046,712747,23299,706351,685978,20373,32263,32150,113,2010,1,1062015698,1030432518,31583180,531042442,514232705,16809737,509618056,494919407,14698649,21355200,21280406,74794,Privada
2010-02-01,1492107,1442368,49739,744683,719185,25498,713898,689954,23944,33526,33229,297,2010,2,1076525265,1040639662,35885603,537273866,518877593,18396273,515063063,497788011,17275052,24188336,23974058,214278,Privada
2010-03-01,1515076,1478605,36471,753517,734142,19375,726752,709881,16871,34807,34582,225,2010,3,1093096946,1066783934,26313012,543647418,529668770,13978648,524336977,512164943,12172034,25112551,24950221,162330,Privada
2010-04-01,1541291,1513610,27681,764275,749826,14449,740586,727543,13043,36430,36241,189,2010,4,1112010543,1092039341,19971202,551409100,540984462,10424638,534317932,524907723,9410209,26283511,26147156,136355,Privada
2010-05-01,1554508,1515758,38750,768012,745795,22217,748451,732093,16358,38045,37870,175,2010,5,1121546342,1093589080,27957262,554105268,538076176,16029092,539992372,528190457,11801915,27448702,27322447,126255,Privada
2010-06-01,1570826,1515299,55527,772306,741158,31148,758944,734972,23972,39576,39169,407,2010,6,1133319452,1093257921,40061531,557203304,534730673,22472631,547562859,530267598,17295261,28553289,28259650,293639,Privada
2010-07-01,1581360,1532581,48779,774248,748847,25401,766270,743334,22936,40842,40400,442,2010,7,1140919521,1105726539,35192982,558604420,540278133,18326287,552848418,536300614,16547804,29466683,29147792,318891,Privada
2010-08-01,1593192,1547125,46067,776083,752706,23377,775083,752887,22196,42026,41532,494,2010,8,1149456072,1116219743,33236329,559928334,543062324,16866010,559206824,543192912,16013912,30320914,29964507,356407,Privada
2010-09-01,1610910,1569366,41544,781107,760502,20605,786660,766250,20410,43143,42614,529,2010,9,1162239254,1132266180,29973074,563553048,548686982,14866066,567559399,552834050,14725349,31126807,30745148,381659,Privada
2010-10-01,1624723,1585605,39118,785781,766968,18813,794742,774916,19826,44200,43721,479,2010,10,1172205059,1143982294,28222765,566925252,553352072,13573180,573390398,559086395,14304003,31889409,31543827,345582,Privada
2010-11-01,1642776,1607557,35219,790829,773866,16963,806585,788695,17890,45362,44996,366,2010,11,1185229936,1159820223,25409713,570567281,558328841,12238440,581934886,569027668,12907218,32727769,32463714,264055,Privada
2010-12-01,1660341,1629518,30823,797368,783225,14143,816530,800225,16305,46443,46068,375,2010,12,1197902736,1175664646,22238090,575285040,565081173,10203867,589110006,577346333,11763673,33507690,33237140,270550,Privada
2011-01-01,1674082,1632340,41742,804910,784243,20667,822189,801519,20670,46983,46578,405,2011,1,1207816589,1177700662,30115927,580726444,565815639,14910805,593192856,578279928,14912928,33897289,33605095,292194,Privada
2011-02-01,1688596,1644165,44431,810064,787247,22817,830326,809220,21106,48206,47698,508,2011,2,1218288154,1186232163,32055991,584444953,567982965,16461988,599063544,583836045,15227499,34779657,34413153,366504,Privada
2011-03-01,1707328,1666490,40838,816073,796000,20073,841528,821266,20262,49727,49224,503,2011,3,1231802919,1202339204,29463715,588780327,574298080,14482247,607145566,592526993,14618573,35877026,35514131,362895,Privada
2011-04-01,1734183,1694882,39301,827323,808151,19172,855511,835847,19664,51349,50884,465,2011,4,1251178265,1222823464,28354801,596896973,583064783,13832190,617234026,603046893,14187133,37047266,36711788,335478,Privada
2011-05-01,1737822,1677217,60605,825833,794282,31551,859508,831054,28454,52481,51881,600,2011,5,1253803729,1210078519,43725210,595821970,573058577,22763393,620117778,599588839,20528939,37863981,37431103,432878,Privada
2011-06-01,1753697,1699669,54028,830003,801350,28653,869661,844848,24813,54033,53471,562,2011,6,1265257230,1226277190,38980040,598830544,578157998,20672546,627442967,609540935,17902032,38983719,38578257,405462,Privada
2011-07-01,1775048,1729079,45969,836448,815158,21290,882898,858942,23956,55702,54979,723,2011,7,1280661537,1247495915,33165622,603480479,588120193,15360286,636993190,619709474,17283716,40187868,39666248,521620,Privada
2011-08-01,1795741,1751217,44524,844540,824030,20510,893853,870516,23337,57348,56671,677,2011,8,1295591123,1263468040,32123083,609318692,594521164,14797528,644897005,628059883,16837122,41375426,40886993,488433,Privada
2011-09-01,1813043,1763691,49352,848972,826434,22538,905316,879325,25991,58755,57932,823,2011,9,1308074173,1272467782,35606391,612516294,596255602,16260692,653167330,634415401,18751929,42390549,41796779,593770,Privada
2011-10-01,1821206,1760368,60838,855089,828540,26549,905774,872207,33567,60343,59621,722,2011,10,1313963618,1270070304,43893314,616929589,597775039,19154550,653497770,629279906,24217864,43536259,43015359,520900,Privada
2011-11-01,1827366,1771418,55948,856789,830499,26290,908500,879677,28823,62077,61242,835,2011,11,1441024207,1396904805,44119402,675646646,654914901,20731745,716424888,693695688,22729200,48952673,48294216,658457,Privada
2011-12-01,1844352,1784725,59627,865305,838148,27157,915312,883860,31452,63735,62717,1018,2011,12,1454419024,1407398438,47020586,682362193,660946749,21415444,721796692,696994318,24802374,50260139,49457371,802768,Privada
2012-01-01,1853959,1787708,66251,868954,837608,31346,920236,886376,33860,64769,63724,1045,2012,1,1461994907,1409750773,52244134,685239720,660520916,24718804,725679659,698978386,26701273,51075528,50251471,824057,Privada
2012-02-01,1864238,1803095,61143,871177,841206,29971,926934,896997,29937,66127,64892,1235,2012,2,1470100732,1421884654,48216078,686992738,663358227,23634511,730961572,707353894,23607678,52146422,51172533,973889,Privada
2012-03-01,1885911,1836988,48923,878158,855301,22857,939970,914706,25264,67783,66981,802,2012,3,1487191615,1448611995,38579620,692497815,674473262,18024553,741241491,721318857,19922634,53452309,52819876,632433,Privada
2012-04-01,1904425,1850160,54265,885362,859903,25459,949688,921907,27781,69375,68350,1025,2012,4,1501791394,1458999172,42792222,698178745,678102307,20076438,748904920,726997422,21907498,54707729,53899443,808286,Privada
2012-05-01,1918915,1866675,52240,889670,865256,24414,958153,931300,26853,71092,70119,973,2012,5,1513217914,1472022571,41195343,701575950,682323576,19252374,755580244,734404554,21175690,56061720,55294441,767279,Privada
2012-06-01,1927310,1884877,42433,890309,871601,18708,964426,941636,22790,72575,71640,935,2012,6,1519838043,1486376303,33461740,702079851,687327116,14752735,760527007,742555316,17971691,57231185,56493871,737314,Privada
2012-07-01,1884101,1811284,72817,862963,827789,35174,948320,911912,36408,72818,71583,1235,2012,7,1485764302,1428342335,57421967,680515344,652777849,27737495,747826148,719115564,28710584,57422810,56448922,973888,Privada
2012-08-01,1962354,1903903,58451,904022,876402,27620,983190,953965,29225,75142,73536,1606,2012,8,1547473043,1501379826,46093217,712893647,691113089,21780558,775323928,752277719,23046209,59255468,57989018,1266450,Privada
2012-09-01,1970819,1928841,41978,904970,886696,18274,989494,966635,22859,76355,75510,845,2012,9,1554148379,1521045434,33102945,713641224,699230731,14410493,780295138,762269028,18026110,60212017,59545675,666342,Privada
2012-10-01,1976876,1927666,49210,905196,883909,21287,994567,967633,26934,77113,76124,989,2012,10,1558924804,1520118853,38805951,713819442,697032959,16786483,784295603,763056031,21239572,60809759,60029863,779896,Privada
2012-11-01,1995674,1941875,53799,913598,890569,23029,1003706,974169,29537,78370,77137,1233,2012,11,1573748528,1531323787,42424741,720445091,702284902,18160189,791502431,768210190,23292241,61801006,60828695,972311,Privada
2012-12-01,2016606,1962459,54147,923634,899817,23817,1013389,984248,29141,79583,78394,1189,2012,12,1590255089,1547555916,42699173,728359281,709577689,18781592,799138257,776158287,22979970,62757551,61819940,937611,Privada
2013-01-01,2023544,1967228,56316,925834,898856,26978,1017409,989289,28120,80301,79083,1218,2013,1,1595726262,1551316655,44409607,730094160,708819864,21274296,802308348,780133519,22174829,63323754,62363272,960482,Privada
2013-02-01,2041289,1986518,54771,932738,908181,24557,1026951,997946,29005,81600,80391,1209,2013,2,1609719611,1566528362,43191249,735538514,716173372,19365142,809832979,786960256,22872723,64348118,63394734,953384,Privada
2013-03-01,2059490,2006512,52978,939915,916275,23640,1036678,1008529,28149,82897,81708,1189,2013,3,1624072557,1582295231,41777326,741198153,722556139,18642014,817503497,795305798,22197699,65370907,64433294,937613,Privada
2013-04-01,2078098,2017286,60812,948128,920333,27795,1045698,1014017,31681,84272,82936,1336,2013,4,1638746451,1590791392,47955059,747674758,725756197,21918561,824616488,799633525,24982963,66455205,65401670,1053535,Privada
2013-05-01,2102674,2045596,57078,959203,931741,27462,1057465,1028951,28514,86006,84904,1102,2013,5,1658126589,1613116092,45010497,756408280,734752317,21655963,833895706,811410179,22485527,67822603,66953596,869007,Privada
2013-06-01,2124700,2071521,53179,963057,940955,22102,1073876,1043872,30004,87767,86694,1073,2013,6,1675495855,1633560028,41935827,759447469,742018293,17429176,846837096,823176581,23660515,69211290,68365154,846136,Privada
2013-07-01,2142912,2080661,62251,974134,947558,26576,1079372,1044947,34425,89406,88156,1250,2013,7,1689857473,1640767650,49089823,768182568,747225287,20957281,851171132,824024305,27146827,70503773,69518058,985715,Privada
2013-08-01,2162623,2108464,54159,978846,956586,22260,1093097,1062291,30806,90680,89587,1093,2013,8,1803424786,1758205610,45219176,818207555,799600671,18606884,913708808,887958423,25750385,71508423,70646516,861907,Privada
2013-09-01,2178432,2120131,58301,984763,961069,23694,1101532,1068010,33522,92137,91052,1085,2013,9,1820929439,1772196300,48733139,823153515,803347966,19805549,920759537,892738878,28020659,77016387,76109456,906931,Privada
2013-10-01,2184479,2123991,60488,987140,959883,27257,1104005,1072057,31948,93334,92051,1283,2013,10,1825984064,1775422835,50561229,825140425,802356600,22783825,922826695,896121725,26704970,78016944,76944510,1072434,Privada
2013-11-01,2209724,2156615,53109,995570,972287,23283,1119288,1090615,28673,94866,93713,1153,2013,11,1847086111,1802692911,44393200,832186985,812724980,19462005,935601600,911634172,23967428,79297526,78333759,963767,Privada
2013-12-01,2233337,2174209,59128,1007004,980451,26553,1130253,1099262,30991,96080,94496,1584,2013,12,1866823986,1817399560,49424426,841744552,819549186,22195366,944767136,918862113,25905023,80312298,78988261,1324037,Privada
2014-01-01,2246245,2180671,65574,1013630,984667,28963,1136385,1102373,34012,96230,93631,2599,2014,1,1877613652,1822801080,54812572,847283155,823073298,24209857,949892815,921462566,28430249,80437682,78265216,2172466,Privada
2014-02-01,2263879,2198900,64979,1021345,992138,29207,1145108,1111446,33662,97426,95316,2110,2014,2,1892353743,1838038519,54315224,853732047,829318232,24413815,957184288,929046596,28137692,81437408,79673691,1763717,Privada
2014-03-01,2284908,2219783,65125,1030633,1000376,30257,1155177,1122236,32941,99098,97171,1927,2014,3,1909931672,1855494411,54437261,861495797,836204294,25291503,965600859,938065850,27535009,82835016,81224267,1610749,Privada
2014-04-01,2307662,2244859,62803,1039463,1010225,29238,1167597,1135469,32128,100602,99165,1437,2014,4,1928951509,1876455188,52496321,868876705,844436975,24439730,975982612,949127182,26855430,84092192,82891031,1201161,Privada
2014-05-01,2334403,2280516,53887,1050439,1026496,23943,1181927,1153418,28509,102037,100602,1435,2014,5,1951304047,1906260518,45043529,878051437,858037741,20013696,987960913,964130572,23830341,85291697,84092205,1199492,Privada
2014-06-01,2362184,2303701,58483,1060025,1035659,24366,1198569,1165822,32747,103590,102220,1370,2014,6,1974525905,1925640627,48885278,886064273,865697001,20367272,1001871797,974498951,27372846,86589835,85444675,1145160,Privada
2014-07-01,2384423,2313443,70980,1067920,1038137,29783,1211807,1172200,39607,104696,103106,1590,2014,7,1993115267,1933783868,59331399,892663626,867768336,24895290,1012937309,979830258,33107051,87514332,86185274,1329058,Privada
2014-08-01,2403193,2345277,57916,1077933,1053426,24507,1219544,1187450,32094,105716,104401,1315,2014,8,2008804926,1960393590,48411336,901033393,880548259,20485134,1019404593,992577580,26827013,88366940,87267751,1099189,Privada
2014-09-01,2424995,2357891,67104,1083138,1056212,26926,1234851,1196005,38846,107006,105674,1332,2014,9,2027028993,1970937506,56091487,905384200,882877048,22507152,1032199558,999728619,32470939,89445235,88331839,1113396,Privada
2014-10-01,2442781,2378030,64751,1089243,1064322,24921,1245398,1206890,38508,108140,106818,1322,2014,10,2041896130,1987771496,54124634,910487307,889656116,20831191,1041015686,1008827282,32188404,90393137,89288098,1105039,Privada
2014-11-01,2468089,2405315,62774,1105834,1081398,24436,1252898,1215731,37167,109357,108186,1171,2014,11,2063050833,2010578754,52472079,924355555,903929774,20425781,1047284865,1016217385,31067480,91410413,90431595,978818,Privada
2014-12-01,2492146,2421979,70167,1117425,1087999,29426,1264106,1224910,39196,110615,109070,1545,2014,12,2083159837,2024508025,58651812,934044360,909447484,24596876,1056653516,1023890019,32763497,92461961,91170522,1291439,Privada
2015-01-01,2506597,2430182,76415,1124051,1093274,30777,1271348,1227384,43964,111198,109524,1674,2015,1,2095239277,2031364830,63874447,939582967,913856803,25726164,1062707029,1025958011,36749018,92949281,91550016,1399265,Privada
2015-02-01,2526006,2436834,89172,1131453,1095545,35908,1282671,1231644,51027,111882,109645,2237,2015,2,2111463078,2036925172,74537906,945770220,915755110,30015110,1072171823,1029518903,42652920,93521035,91651159,1869876,Privada
2015-03-01,2546133,2467225,78908,1141952,1102773,39179,1291079,1252862,38217,113102,111590,1512,2015,3,2128287044,2062328704,65958340,954546237,921796922,32749315,1079199985,1047254817,31945168,94540822,93276965,1263857,Privada
2015-04-01,2564827,2502657,62170,1149365,1122665,26700,1301227,1267275,33952,114235,112717,1518,2015,4,2143913166,2091945958,51967208,960742689,938424446,22318243,1087682595,1059302499,28380096,95487882,94219013,1268869,Privada
2015-05-01,2589886,2528812,61074,1158975,1134220,24755,1315734,1280652,35082,115177,113940,1237,2015,5,2164859733,2113808661,51051072,968775592,948083155,20692437,1099808851,1070484200,29324651,96275290,95241306,1033984,Privada
2015-06-01,2604803,2538907,65896,1164221,1137447,26774,1324293,1286596,37697,116289,114864,1425,2015,6,2177328699,2122246970,55081729,973160666,950780572,22380094,1106963232,1075452730,31510502,97204801,96013668,1191133,Privada
2015-07-01,2606268,2538613,67655,1164424,1136825,27599,1324860,1286266,38594,116984,115522,1462,2015,7,2178553285,2122001219,56552066,973330353,950260649,23069704,1107437185,1075176886,32260299,97785747,96563684,1222063,Privada
2015-08-01,2626090,2552614,73476,1171220,1141367,29853,1337117,1295158,41959,117753,116089,1664,2015,8,2195122291,2133704515,61417776,979011062,954057261,24953801,1117682686,1082609620,35073066,98428543,97037634,1390909,Privada
2015-09-01,2620134,2543554,76580,1166351,1132097,34254,1335109,1294491,40618,118674,116966,1708,2015,9,2190143737,2126131351,64012386,974941116,946308561,28632555,1116004223,1082052081,33952142,99198398,97770709,1427689,Privada
2015-10-01,2637417,2572174,65243,1171129,1146516,24613,1346845,1307433,39412,119443,118225,1218,2015,10,2209640086,2150054524,59585562,980876229,958361259,22514970,1128922657,1092870170,36052487,99841200,98823095,1018105,Privada
2015-11-01,2649537,2587145,62392,1180529,1154184,26345,1347831,1313596,34235,121177,119365,1812,2015,11,2414133170,2357202440,56930730,1079900691,1055801355,24099336,1232941848,1201625076,31316772,101290631,99776009,1514622,Privada
2015-12-01,2671690,2576955,94735,1189134,1152408,36726,1360584,1304759,55825,121972,119788,2184,2015,12,2443955075,2357295354,86659721,1087772201,1054176742,33595459,1244607777,1193541342,51066435,111575097,109577270,1997827,Privada
2016-01-01,2671213,2597008,74205,1191234,1158066,33168,1357384,1318728,38656,122595,120214,2381,2016,1,2443518733,2375639037,67879696,1089693189,1059352454,30340735,1241680552,1206319625,35360927,112144992,109966958,2178034,Privada
2016-02-01,2690321,2608042,82279,1195057,1161837,33220,1372517,1326044,46473,122747,120161,2586,2016,2,2460997980,2385732499,75265481,1093190325,1062802014,30388311,1255523617,1213012009,42511608,112284038,109918476,2365562,Privada
2016-03-01,2705934,2638367,67567,1202278,1173034,29244,1379735,1343202,36533,123921,122131,1790,2016,3,2475280129,2413472595,61807534,1099795805,1073044581,26751224,1262126359,1228707461,33418898,113357965,111720553,1637412,Privada
2016-04-01,2713298,2642395,70903,1204005,1175031,28974,1384139,1344125,40014,125154,123239,1915,2016,4,2482016424,2417157249,64859175,1101375596,1074871357,26504239,1266154965,1229551785,36603180,114485863,112734107,1751756,Privada
2016-05-01,2729990,2660916,69074,1208661,1179337,29324,1394975,1357005,37970,126354,124574,1780,2016,5,2497285587,2434099519,63186068,1105634717,1078810314,26824403,1276067296,1241333893,34733403,115583574,113955312,1628262,Privada
2016-06-01,2738138,2658068,80070,1214453,1178123,36330,1396191,1354521,41670,127494,125424,2070,2016,6,2504739046,2431494282,73244764,1110933003,1077699795,33233208,1277179641,1239061629,38118012,116626402,114732858,1893544,Privada
2016-07-01,2751745,2685462,66283,1218515,1189964,28551,1404697,1368718,35979,128533,126780,1753,2016,7,2517186189,2456553217,60632972,1114648760,1088531468,26117292,1284960591,1252048477,32912114,117576838,115973272,1603566,Privada
2016-08-01,2769823,2682854,86969,1222902,1188429,34473,1417931,1367556,50375,128990,126869,2121,2016,8,2533723229,2454167524,79555705,1118661816,1087127312,31534504,1297066530,1250985526,46081004,117994883,116054686,1940197,Privada
2016-09-01,2775955,2700300,75655,1224853,1193169,31684,1421464,1379187,42277,129638,127944,1694,2016,9,2539332538,2470126427,69206111,1120446511,1091463274,28983237,1300298379,1261625100,38673279,118587648,117038053,1549595,Privada
2016-10-01,2780492,2709455,71037,1228609,1199696,28913,1421820,1381486,40334,130063,128273,1790,2016,10,2543482806,2478501054,64981752,1123882352,1097433912,26448440,1300624033,1263728133,36895900,118976421,117339009,1637412,Privada
2016-11-01,2782340,2699563,82777,1231378,1196672,34706,1420507,1374328,46179,130455,128563,1892,2016,11,2545173278,2469452248,75721030,1126415319,1094667678,31747641,1299422951,1257180281,42242670,119335008,117604289,1730719,Privada
2016-12-01,2793356,2712318,81038,1239137,1203329,35808,1423237,1379927,43310,130982,129062,1920,2016,12,2555250280,2481120013,74130267,1133512947,1100757236,32755711,1301920248,1262302022,39618226,119817085,118060755,1756330,Privada
2017-01-01,2801945,2716164,85781,1242606,1208441,34165,1427830,1378270,49560,131509,129453,2056,2017,1,2563107150,2484638180,78468970,1136686244,1105433489,31252755,1306121740,1260786265,45335475,120299166,118418426,1880740,Privada
2017-02-01,2817826,2736543,81283,1248719,1213656,35063,1437103,1392849,44254,132004,130038,1966,2017,2,2577634457,2503280073,74354384,1142278177,1110203962,32074215,1314604313,1274122551,40481762,120751967,118953560,1798407,Privada
2017-03-01,2835917,2756484,79433,1255604,1222104,33500,1447205,1403382,43823,133108,130998,2110,2017,3,2594183382,2521521303,72662079,1148576299,1117931855,30644444,1323845218,1283757718,40087500,121761865,119831730,1930135,Privada
2017-04-01,2859015,2790888,68127,1266567,1238764,27803,1457859,1419203,38656,134589,132921,1668,2017,4,2615312510,2552992705,62319805,1158604814,1133171756,25433058,1333591070,1298230136,35360934,123116626,121590813,1525813,Privada
2017-05-01,2856160,2786964,69196,1265017,1236089,28928,1456523,1417878,38645,134620,132997,1623,2017,5,2612700865,2549403187,63297678,1157186936,1130724773,26462163,1332368946,1297018079,35350867,123144983,121660335,1484648,Privada
2017-06-01,2862476,2784890,77586,1267742,1235350,32392,1459490,1416220,43270,135244,133320,1924,2017,6,2618478495,2547505976,70972519,1159679657,1130048766,29630891,1335083043,1295501407,39581636,123715795,121955803,1759992,Privada
2017-07-01,2866879,2796527,70352,1270930,1242388,28542,1460601,1420528,40073,135348,133611,1737,2017,7,2622506182,2558151037,64355145,1162595913,1136486846,26109067,1336099340,1299442193,36657147,123810929,122221998,1588931,Privada
2017-08-01,2872546,2789876,82670,1271836,1237196,34640,1465056,1418984,46072,135654,133696,1958,2017,8,2627690120,2552066967,75623153,1163424682,1131737412,31687270,1340174595,1298029803,42144792,124090843,122299752,1791091,Privada
2017-09-01,2874985,2793754,81231,1272558,1238637,33921,1466166,1420990,45176,136261,134127,2134,2017,9,2629921225,2555614408,74306817,1164085143,1133055582,31029561,1341189980,1299864812,41325168,124646102,122694014,1952088,Privada
2017-10-01,2877861,2790127,87734,1271925,1237110,34815,1469126,1418624,50502,136810,134393,2417,2017,10,2632552076,2552296573,80255503,1163506102,1131658743,31847359,1343897671,1297700490,46197181,125148303,122937340,2210963,Privada
2017-11-01,2888327,2803336,84991,1281133,1243818,37315,1469881,1423936,45945,137313,135582,1731,2017,11,2914091198,2828113799,85977399,1298582020,1260758801,37823219,1489900748,1443330008,46570740,125608430,124024990,1583440,Privada
2017-12-01,2905074,2827576,77498,1293740,1260930,32810,1473376,1430405,42971,137958,136241,1717,2017,12,2944641057,2866087584,78553473,1311360725,1278103866,33256859,1493443353,1449887116,43556237,139836979,138096602,1740377,Privada
2018-01-01,2898772,2816710,82062,1286268,1251481,34787,1474226,1428796,45430,138278,136433,1845,2018,1,2938253233,2855073589,83179644,1303786955,1268526171,35260784,1494304941,1448256201,46048740,140161337,138291217,1870120,Privada
2018-02-01,2902102,2820754,81348,1288356,1252263,36093,1475170,1431913,43257,138576,136578,1998,2018,2,2941628577,2859172669,82455908,1305903397,1269318822,36584575,1495261784,1451415655,43846129,140463396,138438192,2025204,Privada
2018-03-01,2916697,2820376,96321,1292809,1252519,40290,1484597,1430133,54464,139291,137724,1567,2018,3,2956422366,2858789519,97632847,1310417049,1269578308,40838741,1504817183,1449611411,55205772,141188134,139599800,1588334,Privada
2018-04-01,2927742,2865446,62296,1297911,1272599,25312,1489504,1453916,35588,140327,138931,1396,2018,4,2967617793,2904473373,63144420,1315588537,1289931798,25656739,1509791011,1473718335,36072676,142238245,140823240,1415005,Privada
2018-05-01,2945381,2867265,78116,1304727,1271790,32937,1499738,1456182,43556,140916,139293,1623,2018,5,2985497044,2906317147,79179897,1322497370,1289111779,33385591,1520164406,1476015198,44149208,142835268,141190170,1645098,Privada
2018-06-01,2954300,2887663,66637,1308883,1281007,27876,1503947,1466495,37452,141470,140161,1309,2018,6,2994537518,2926992968,67544550,1326709976,1298454315,28255661,1524430727,1486468661,37962066,143396815,142069992,1326823,Privada
2018-07-01,2967825,2898177,69648,1316381,1285358,31023,1509359,1472033,37326,142085,140786,1299,2018,7,3008246733,2937650169,70596564,1334310098,1302864575,31445523,1529916444,1492082089,37834355,144020191,142703505,1316686,Privada
2018-08-01,2970356,2874405,95951,1317518,1272267,45251,1510898,1461574,49324,141940,140564,1376,2018,8,3010812205,2913554394,97257811,1335462586,1289595276,45867310,1531476403,1481480637,49995766,143873216,142478481,1394735,Privada
2018-09-01,2976382,2904029,72353,1320449,1290418,30031,1513226,1472371,40855,142707,141240,1467,2018,9,3016920285,2943581874,73338411,1338433508,1307993493,30440015,1533836114,1492424693,41411421,144650663,143163688,1486975,Privada
2018-10-01,2979811,2903796,76015,1319539,1288341,31198,1517168,1473941,43227,143104,141514,1590,2018,10,3020395983,2943345700,77050283,1337511112,1305888204,31622908,1537831802,1494016076,43815726,145053069,143441420,1611649,Privada
2018-11-01,2990427,2928266,62161,1324214,1298648,25566,1522709,1487442,35267,143504,142176,1328,2018,11,3031156576,2968148982,63007594,1342249786,1316335585,25914201,1543448271,1507700960,35747311,145458519,144112437,1346082,Privada
2018-12-01,3005136,2938013,67123,1333344,1304782,28562,1527867,1490740,37127,143925,142491,1434,2018,12,3046065911,2978028735,68037176,1351504136,1322553130,28951006,1548676522,1511043878,37632644,145885253,144431727,1453526,Privada
2019-01-01,3012835,2936129,76706,1338938,1305478,33460,1529892,1488167,41725,144005,142484,1521,2019,1,3053869775,2976119076,77750699,1357174329,1323258610,33915719,1550729102,1508435834,42293268,145966344,144424632,1541712,Privada
2019-02-01,3015343,2946772,68571,1340986,1310509,30477,1530441,1493754,36687,143916,142509,1407,2019,2,3056411933,2986907033,69504900,1359250223,1328358132,30892091,1551285580,1514098929,37186651,145876130,144449972,1426158,Privada
2019-03-01,3031406,2965422,65984,1349782,1321226,28556,1537128,1501139,35989,144496,143057,1439,2019,3,3072693714,3005811047,66882667,1368166024,1339221098,28944926,1558063660,1521584513,36479147,146464030,145005436,1458594,Privada
2019-04-01,3036614,2971670,64944,1353610,1324481,29129,1538086,1503594,34492,144918,143595,1323,2019,4,3077972648,3012144144,65828504,1372046163,1342520431,29525732,1559034707,1524072950,34961757,146891778,145550763,1341015,Privada
2019-05-01,3040666,2964536,76130,1355809,1322728,33081,1540161,1498641,41520,144696,143167,1529,2019,5,3082079830,3004912979,77166851,1374275111,1340743555,33531556,1561137966,1519052490,42085476,146666753,145116934,1549819,Privada
2019-06-01,3046633,2970822,75811,1360964,1327447,33517,1541088,1500316,40772,144581,143059,1522,2019,6,3088128109,3011284594,76843515,1379500323,1345526828,33973495,1562077598,1520750303,41327295,146550188,145007463,1542725,Privada
2019-07-01,3045568,2972939,72629,1358642,1327670,30972,1543044,1502776,40268,143882,142493,1389,2019,7,3087048605,3013430428,73618177,1377146699,1345752865,31393834,1564060237,1523243809,40816428,145841669,144433754,1407915,Privada
2019-08-01,3045027,2977701,67326,1358507,1329297,29210,1542937,1506259,36678,143583,142145,1438,2019,8,3086500235,3018257286,68242949,1377009859,1347402025,29607834,1563951779,1526774247,37177532,145538597,144081014,1457583,Privada
2019-09-01,3046923,2980030,66893,1357210,1327067,30143,1546288,1510831,35457,143425,142132,1293,2019,9,3088422035,3020618007,67804028,1375695180,1345141652,30553528,1567348420,1531408518,35939902,145378435,144067837,1310598,Privada
2019-10-01,3046953,2979133,67820,1355336,1327498,27838,1548158,1509612,38546,143459,142023,1436,2019,10,3091488991,3022745337,68743654,1375270524,1347053391,28217133,1570805569,1531734593,39070976,145412898,143957353,1455545,Privada
2019-11-01,3047244,2975889,71355,1354245,1323439,30806,1549451,1510380,39071,143548,142070,1478,2019,11,3536468289,3453367158,83101131,1581500831,1545525298,35975533,1809464348,1763836867,45627481,145503110,144004993,1498117,Privada
2019-12-01,3019355,2925403,93952,1341766,1299358,42408,1534559,1485117,49442,143030,140928,2102,2019,12,3526032902,3416314875,109718027,1566927730,1517403265,49524465,1792073324,1734334483,57738841,167031848,164577127,2454721,Privada
2020-01-01,3007645,2938826,68819,1335176,1305827,29349,1529357,1491325,38032,143112,141674,1438,2020,1,3512357848,3431990389,80367459,1559231864,1524957828,34274036,1785998375,1741584248,44414127,167127609,165448313,1679296,Privada
2020-02-01,3012238,2938379,73859,1336112,1303383,32729,1532603,1492979,39624,143523,142017,1506,2020,2,3517721600,3431468378,86253222,1560324932,1522103701,38221231,1789789086,1743515805,46273281,167607582,165848872,1758710,Privada
2020-03-01,3008177,2946720,61457,1334594,1306797,27797,1530010,1497711,32299,143573,142212,1361,2020,3,3512979132,3441209081,71770051,1558552201,1526090604,32461597,1786760959,1749041882,37719077,167665972,166076595,1589377,Privada
2020-04-01,2994798,2718425,276373,1324401,1197435,126966,1519690,1390177,129513,150707,130813,19894,2020,4,3497354998,3174603898,322751100,1546648711,1398376567,148272144,1774709160,1623462602,151246558,175997127,152764729,23232398,Privada
2020-05-01,2910347,2742332,168015,1275614,1202057,73557,1485529,1404677,80852,149204,135598,13606,2020,5,3398732280,3202522732,196209548,1489674766,1403774185,85900581,1734815604,1640395847,94419757,174241910,158352700,15889210,Privada
2020-06-01,2904959,2830664,74295,1267920,1236821,31099,1485162,1444081,41081,151877,149762,2115,2020,6,3392440122,3305677725,86762397,1480689639,1444371932,36317707,1734387019,1686412232,47974787,177363464,174893561,2469903,Privada
2020-07-01,2922821,2850609,72212,1277189,1247251,29938,1499111,1458545,40566,146521,144813,1708,2020,7,3413299538,3328969695,84329843,1491514065,1456552190,34961875,1750676796,1703303436,47373360,171108677,169114069,1994608,Privada
2020-08-01,2917566,2816610,100956,1274669,1229776,44893,1500129,1445711,54418,142768,141123,1645,2020,8,3407162695,3289265322,117897373,1488571186,1436144710,52426476,1751865625,1688315762,63549863,166725884,164804850,1921034,Privada
2020-09-01,2903753,2818428,85325,1264887,1228698,36189,1496047,1448391,47656,142819,141339,1480,2020,9,3391031742,3291388401,99643341,1477147671,1434885811,42261860,1747098626,1691445493,55653133,166785445,165057097,1728348,Privada
2020-10-01,2892852,2827439,65413,1255650,1228623,27027,1496462,1459122,37340,140740,139694,1046,2020,10,3378301451,3301911537,76389914,1466360611,1434798225,31562386,1747583269,1703977262,43606007,164357571,163136050,1221521,Privada
2020-11-01,2886606,2792485,94121,1253427,1213058,40369,1493942,1442755,51187,139237,136672,2565,2020,11,3371007309,3261091906,109915403,1463764563,1416621262,47143301,1744640391,1684863716,59776675,162602355,159606928,2995427,Privada
2020-12-01,2908453,2849760,58693,1262745,1238519,24226,1505917,1472378,33539,139791,138863,928,2020,12,3396520461,3327978225,68542236,1474646224,1446354873,28291351,1758624915,1719457752,39167163,163249322,162165600,1083722,Privada
2021-01-01,2871818,2767045,104773,1251265,1205560,45705,1488959,1432315,56644,131594,129170,2424,2021,1,3353737738,3231382820,122354918,1461239765,1407865023,53374742,1738821195,1672671780,66149415,153676778,150846017,2830761,Privada
2021-02-01,2726640,2648704,77936,1197397,1163038,34359,1401634,1359561,42073,127609,126105,1504,2021,2,3184197415,3093183017,91014398,1398332173,1358207406,40124767,1636842186,1587708931,49133255,149023056,147266680,1756376,Privada
2021-03-01,2750729,2694056,56673,1211795,1188412,23383,1409321,1376988,32333,129613,128656,957,2021,3,3212328793,3146145536,66183257,1415146303,1387839417,27306886,1645819144,1608060356,37758788,151363346,150245763,1117583,Privada
2021-04-01,2806793,2699204,107589,1220560,1190953,29607,1454301,1377600,76701,131932,130651,1281,2021,4,3277800895,3152157422,125643473,1425382162,1390806822,34575340,1698347235,1608775056,89572179,154071498,152575544,1495954,Privada
2021-05-01,2847882,2742058,105824,1237133,1208170,28963,1477868,1402309,75559,132881,131579,1302,2021,5,3325785035,3202202751,123582284,1444736273,1410913007,33823266,1725869013,1637630473,88238540,155179749,153659271,1520478,Privada
2021-06-01,2808621,2744154,64467,1239117,1211297,27820,1434520,1399106,35414,134984,133751,1233,2021,6,3279935652,3204650481,75285171,1447053212,1414564749,32488463,1675246787,1633889977,41356810,157635653,156195755,1439898,Privada
2021-07-01,2842438,2775894,66544,1253407,1224390,29017,1452532,1416358,36174,136499,135146,1353,2021,7,3319427483,3241716770,77710713,1463741214,1429854885,33886329,1696281381,1654037035,42244346,159404888,157824850,1580038,Privada
2021-08-01,2862104,2800582,61522,1263656,1237753,25903,1460571,1426228,34343,137877,136601,1276,2021,8,3342393641,3270547663,71845978,1475710102,1445460330,30249772,1705669409,1665563320,40106089,161014130,159524013,1490117,Privada
2021-09-01,2871930,2803013,68917,1266670,1239377,27293,1466422,1426076,40346,138838,137560,1278,2021,9,3353868532,3273386610,80481922,1479229879,1447356854,31873025,1712502259,1665385813,47116446,162136394,160643943,1492451,Privada
2021-10-01,2865846,2809204,56642,1266417,1242949,23468,1459672,1427722,31950,139757,138533,1224,2021,10,3782937828,3707923881,75013947,1681561148,1650400111,31161037,1938167068,1895743548,42423520,163209612,161780222,1429390,Privada
2021-11-01,2886119,2834546,51573,1277543,1256919,20624,1467971,1438032,29939,140605,139595,1010,2021,11,3809720838,3741403322,68317516,1696334362,1668949617,27384745,1949186561,1909433269,39753292,164199915,163020436,1179479,Privada
2021-12-01,2889482,2826266,63216,1283044,1256123,26921,1465439,1430391,35048,140999,139752,1247,2021,12,3836683062,3752744256,83938806,1703638640,1667892680,35745960,1945824549,1899287473,46537076,187219873,185564103,1655770,Privada
2022-01-01,2907037,2844729,62308,1293683,1267570,26113,1472787,1437831,34956,140567,139328,1239,2022,1,3859992774,3777259612,82733162,1717765216,1683092121,34673095,1955581297,1909166380,46414917,186646261,185001111,1645150,Privada
2022-02-01,2914337,2839257,75080,1297946,1265460,32486,1475245,1434529,40716,141146,139268,1878,2022,2,3869685787,3769993836,99691951,1723425670,1680290442,43135228,1958845054,1904781951,54063103,187415063,184921443,2493620,Privada
2022-03-01,2928834,2880508,48326,1304869,1285128,19741,1482007,1454358,27649,141958,141022,936,2022,3,3888935048,3824767325,64167723,1732618096,1706405809,26212287,1967823705,1931111095,36712610,188493247,187250421,1242826,Privada
2022-04-01,2944496,2879698,64798,1314828,1288521,26307,1486930,1449666,37264,142738,141511,1227,2022,4,3909731211,3823691800,86039411,1745841759,1710911069,34930690,1974360515,1924881011,49479504,189528937,187899720,1629217,Privada
2022-05-01,2942760,2887382,55378,1314770,1291054,23716,1485582,1455023,30559,142408,141305,1103,2022,5,3907426132,3833894692,73531440,1745764745,1714274411,31490334,1972570629,1931994089,40576540,189090758,187626192,1464566,Privada
2022-06-01,2950672,2897840,52832,1319270,1296818,22452,1488689,1459378,29311,142713,141644,1069,2022,6,3917931765,3847780929,70150836,1751739890,1721927908,29811982,1976696134,1937776702,38919432,189495741,188076319,1419422,Privada
2022-07-01,2957115,2902440,54675,1323001,1298951,24050,1491380,1461704,29676,142734,141785,949,2022,7,3926486852,3853888855,72597997,1756693951,1724760127,31933824,1980269272,1940865188,39404084,189523629,188263540,1260089,Privada
2022-08-01,2964396,2913066,51330,1326321,1304272,22049,1495659,1467288,28371,142416,141506,910,2022,8,3937370103,3867998164,69371939,1761563448,1731825404,29738044,1986705272,1948279679,38425593,189101383,187893081,1208302,Privada
2022-09-01,2965134,2908823,56311,1327246,1302876,24370,1495178,1464386,30792,142710,141561,1149,2022,9,3946089009,3862364266,83724743,1766286489,1729971781,36314708,1990310760,1944426374,45884386,189491760,187966111,1525649,Privada
2022-10-01,2961801,2906550,55251,1327411,1303390,24021,1492135,1461866,30269,142255,141294,961,2022,10,4390405875,4308230161,82175714,1978028222,1942233574,35794648,2223490045,2178385001,45105044,188887608,187611586,1276022,Privada
2022-11-01,2961576,2905891,55685,1329367,1305441,23926,1490425,1459732,30693,141784,140718,1066,2022,11,4413162841,4330184413,82978428,1980942934,1945289851,35653083,2220941903,2175205042,45736861,211278004,209689520,1588484,Privada
2022-12-01,2956743,2898994,57749,1331134,1306047,25087,1484617,1453119,31498,140992,139828,1164,2022,12,4405961000,4319906917,86054083,1983576014,1946192876,37383138,2212287172,2165350746,46936426,210097814,208363295,1734519,Privada
2023-01-01,2924474,2863162,61312,1320203,1293200,27003,1465774,1432629,33145,138497,137333,1164,2023,1,4357875669,4266512222,91363447,1967287292,1927049048,40238244,2184208463,2134817778,49390685,206379914,204645396,1734518,Privada
2023-02-01,2909410,2841597,67813,1315542,1285174,30368,1456496,1420473,36023,137372,135950,1422,2023,2,4515610674,4410244408,105366266,2045851981,1998625494,47226487,2265055185,2209034381,56020804,204703508,202584533,2118975,Privada
2023-03-01,2894479,2847666,46813,1310674,1290380,20294,1447846,1422134,25712,135959,135152,807,2023,3,4492482725,4419734422,72748303,2038281562,2006721553,31560009,2251603223,2211617468,39985755,202597940,201395401,1202539,Privada
2023-04-01,2851805,2790981,60824,1296258,1268966,27292,1420517,1388187,32330,135030,133828,1202,2023,4,4434956018,4340366191,94589827,2015862663,1973419785,42442878,2209102804,2158825131,50277673,209990551,208121275,1869276,Privada
2023-05-01,2854223,2802999,51224,1296619,1273623,22996,1424006,1396750,27256,133598,132626,972,2023,5,4438716345,4359055864,79660481,2016424068,1980662072,35761996,2214528687,2172141795,42386892,207763590,206251997,1511593,Privada
2023-06-01,2849494,2796695,52799,1294809,1271221,23588,1421512,1393429,28083,133173,132045,1128,2023,6,4431362088,4349252261,82109827,2013609264,1976926625,36682639,2210650168,2166977175,43672993,207102656,205348461,1754195,Privada
2023-07-01,2830049,2771482,58567,1286842,1260400,26442,1410717,1379886,30831,132490,131196,1294,2023,7,4401122393,4310042517,91079876,2001219466,1960098456,41121010,2193862432,2145915914,47946518,206040495,204028147,2012348,Privada
2023-08-01,2796457,2742199,54258,1272733,1248973,23760,1391635,1362321,29314,132089,130905,1184,2023,8,4348882132,4264503351,84378781,1979277995,1942327871,36950124,2164187252,2118599879,45587373,205416885,203575601,1841284,Privada
2023-09-01,2797987,2742862,55125,1273357,1249009,24348,1393006,1363340,29666,131624,130513,1111,2023,9,4351261498,4265534409,85727089,1980248403,1942383856,37864547,2166319350,2120184567,46134783,204693745,202965986,1727759,Privada
2023-10-01,2790660,2739546,51114,1271006,1248142,22864,1387819,1360673,27146,131835,130731,1104,2023,10,4339866988,4260377565,79489423,1976592269,1941035549,35556720,2158252838,2116037009,42215829,205021881,203305007,1716874,Privada
2023-11-01,2778020,2732271,45749,1267367,1246494,20873,1378941,1355202,23739,131712,130575,1137,2023,11,4325923926,4249063922,76860004,1973606530,1938472679,35133851,2147486797,2107528838,39957959,204830599,203062405,1768194,Privada
2023-12-01,2720164,2720164,0,1243992,1243992,0,1345730,1345730,0,130442,130442,0,2023,12,4236534815,4236534815,0,1937623490,1937623490,0,2096055754,2096055754,0,202855571,202855571,0,Privada
2007-09-01,321977,298937,23040,295069,274092,20977,24652,22589,2063,2256,2256,0,2007,9,155621128,144485219,11135909,142615699,132476886,10138813,11915037,10917941,997096,1090392,1090392,0,Publica
2007-10-01,337618,329619,7999,307462,300078,7384,27697,27082,615,2459,2459,0,2007,10,163180879,159314750,3866129,148605600,145036699,3568901,13386771,13089543,297228,1188508,1188508,0,Publica
2007-11-01,355760,305712,50048,314892,277985,36907,38335,27685,10650,2533,42,2491,2007,11,171949450,147759780,24189670,152196740,134358490,17838250,18528436,13380991,5147445,1224274,20299,1203975,Publica
2007-12-01,366525,357791,8734,314306,306241,8065,49692,49023,669,2527,2527,0,2007,12,177152498,172931122,4221376,151913509,148015462,3898047,24017615,23694286,323329,1221374,1221374,0,Publica
2008-01-01,363932,350497,13435,306476,294797,11679,54885,53129,1756,2571,2571,0,2008,1,225637840,217308140,8329700,190015120,182774140,7240980,34028700,32939980,1088720,1594020,1594020,0,Publica
2008-02-01,362646,346500,16146,298536,284689,13847,60925,58628,2297,3185,3183,2,2008,2,224840520,214830000,10010520,185092320,176507180,8585140,37773500,36349360,1424140,1974700,1973460,1240,Publica
2008-03-01,370070,356341,13729,302307,290593,11714,64546,62531,2015,3217,3217,0,2008,3,229443400,220931420,8511980,187430340,180167660,7262680,40018520,38769220,1249300,1994540,1994540,0,Publica
2008-04-01,383297,369472,13825,311030,299336,11694,69018,66887,2131,3249,3249,0,2008,4,237644140,229072640,8571500,192838600,185588320,7250280,42791160,41469940,1321220,2014380,2014380,0,Publica
2008-05-01,388379,373122,15257,309233,296103,13130,75864,73737,2127,3282,3282,0,2008,5,240794980,231335640,9459340,191724460,183583860,8140600,47035680,45716940,1318740,2034840,2034840,0,Publica
2008-06-01,398698,389133,9565,313288,304746,8542,82068,81046,1022,3342,3341,1,2008,6,247192760,241262460,5930300,194238560,188942520,5296040,50882160,50248520,633640,2072040,2071420,620,Publica
2008-07-01,413129,400922,12207,318328,307569,10759,91046,89611,1435,3755,3742,13,2008,7,256139980,248571640,7568340,197363360,190692780,6670580,56448520,55558820,889700,2328100,2320040,8060,Publica
2008-08-01,426622,412436,14186,322786,310874,11912,99922,97650,2272,3914,3912,2,2008,8,264505640,255710320,8795320,200127320,192741880,7385440,61951640,60543000,1408640,2426680,2425440,1240,Publica
2008-09-01,430520,415787,14733,321556,309101,12455,105046,102778,2268,3918,3908,10,2008,9,266922400,257787940,9134460,199364720,191642620,7722100,65128520,63722360,1406160,2429160,2422960,6200,Publica
2008-10-01,426766,417180,9586,314147,306250,7897,108718,107030,1688,3901,3900,1,2008,10,264594920,258651600,5943320,194771140,189875000,4896140,67405160,66358600,1046560,2418620,2418000,620,Publica
2008-11-01,409682,398195,11487,297222,287609,9613,108218,106346,1872,4242,4240,2,2008,11,254002840,246880900,7121940,184277640,178317580,5960060,67095160,65934520,1160640,2630040,2628800,1240,Publica
2008-12-01,411897,396219,15678,292147,279378,12769,115269,112373,2896,4481,4468,13,2008,12,255376140,245655780,9720360,181131140,173214360,7916780,71466780,69671260,1795520,2778220,2770160,8060,Publica
2009-01-01,415925,401077,14848,289504,277546,11958,121753,118864,2889,4668,4667,1,2009,1,257873500,248667740,9205760,179492480,172078520,7413960,75486860,73695680,1791180,2894160,2893540,620,Publica
2009-02-01,419977,407534,12443,288712,279131,9581,126407,123548,2859,4858,4855,3,2009,2,260385740,252671080,7714660,179001440,173061220,5940220,78372340,76599760,1772580,3011960,3010100,1860,Publica
2009-03-01,423727,413106,10621,287794,279271,8523,130832,128765,2067,5101,5070,31,2009,3,262710740,256125720,6585020,178432280,173148020,5284260,81115840,79834300,1281540,3162620,3143400,19220,Publica
2009-04-01,421251,414012,7239,279389,273996,5393,136328,134527,1801,5534,5489,45,2009,4,261175620,256687440,4488180,173221180,169877520,3343660,84523360,83406740,1116620,3431080,3403180,27900,Publica
2009-05-01,422016,410950,11066,275059,267018,8041,141026,138040,2986,5931,5892,39,2009,5,261649920,254789000,6860920,170536580,165551160,4985420,87436120,85584800,1851320,3677220,3653040,24180,Publica
2009-06-01,420654,418016,2638,269061,267366,1695,145161,144225,936,6432,6425,7,2009,6,260805480,259169920,1635560,166817820,165766920,1050900,89999820,89419500,580320,3987840,3983500,4340,Publica
2009-07-01,430947,426877,4070,272999,270376,2623,150991,149552,1439,6957,6949,8,2009,7,267187140,264663740,2523400,169259380,167633120,1626260,93614420,92722240,892180,4313340,4308380,4960,Publica
2009-08-01,454917,443746,11171,286530,278443,8087,160446,157366,3080,7941,7937,4,2009,8,300781251,293387275,7393976,189657054,184304206,5352848,106200777,104162129,2038648,4923420,4920940,2480,Publica
2009-09-01,462264,450094,12170,287614,278827,8787,166271,162897,3374,8379,8370,9,2009,9,305625952,297570932,8055020,190374569,184558379,5816190,110056403,107823153,2233250,5194980,5189400,5580,Publica
2009-10-01,470494,456570,13924,288008,278076,9932,173671,169695,3976,8815,8799,16,2009,10,311055197,301839482,9215715,190635361,184061285,6574076,114954536,112322817,2631719,5465300,5455380,9920,Publica
2009-11-01,479443,464422,15021,288474,278177,10297,181611,176928,4683,9358,9317,41,2009,11,317348056,307405565,9942491,190943808,184128138,6815670,120210098,117110412,3099686,6194150,6167015,27135,Publica
2009-12-01,488294,473989,14305,289576,279912,9664,188319,183787,4532,10399,10290,109,2009,12,351674835,341360606,10314229,208923276,201950909,6972367,135868361,132598644,3269717,6883198,6811053,72145,Publica
2010-01-01,496776,480371,16405,290076,279161,10915,195834,190421,5413,10866,10789,77,2010,1,357766601,345935367,11831234,209284013,201409078,7874935,141290276,137384943,3905333,7192312,7141346,50966,Publica
2010-02-01,502588,487001,15587,291281,281326,9955,199930,194328,5602,11377,11347,30,2010,2,362607131,351361480,11245651,210153393,202971082,7182311,144245462,140203765,4041697,8208276,8186633,21643,Publica
2010-03-01,510714,499004,11710,293096,285057,8039,205680,202053,3627,11938,11894,44,2010,3,368469882,360021405,8448477,211462881,205662924,5799957,148393973,145777198,2616775,8613028,8581283,31745,Publica
2010-04-01,518407,506982,11425,295200,287618,7582,210627,206825,3802,12580,12539,41,2010,4,374020228,365777372,8242856,212980876,207510634,5470242,151963136,149220101,2743035,9076216,9046637,29579,Publica
2010-05-01,522557,508738,13819,293996,284642,9354,215317,210895,4422,13244,13201,43,2010,5,377014366,367044291,9970075,212112212,205363510,6748702,155346875,152156524,3190351,9555279,9524257,31022,Publica
2010-06-01,528956,506990,21966,294451,280197,14254,220556,213026,7530,13949,13767,182,2010,6,381631118,365783144,15847974,212440487,202156531,10283956,159126708,153693998,5432710,10063923,9932615,131308,Publica
2010-07-01,534465,517129,17336,294507,283697,10810,224716,218373,6343,15242,15059,183,2010,7,385605749,373098230,12507519,212480889,204681711,7799178,162128064,157551752,4576312,10996796,10864767,132029,Publica
2010-08-01,539876,524492,15384,293497,284293,9204,230319,224327,5992,16060,15872,188,2010,8,389509673,378410486,11099187,211752195,205111713,6640482,166170511,161847443,4323068,11586967,11451330,135637,Publica
2010-09-01,543575,530246,13329,292631,284418,8213,234240,229255,4985,16704,16573,131,2010,9,392178428,382561883,9616545,211127393,205201898,5925495,168999434,165402897,3596537,12051601,11957088,94513,Publica
2010-10-01,546141,533041,13100,291360,283536,7824,237374,232213,5161,17407,17292,115,2010,10,394029749,384578420,9451329,210210392,204565553,5644839,171260557,167537035,3723522,12558800,12475832,82968,Publica
2010-11-01,549745,539923,9822,290147,284129,6018,241331,237575,3756,18267,18219,48,2010,11,396629968,389543645,7086323,209335241,204993390,4341851,174115453,171405611,2709842,13179274,13144644,34630,Publica
2010-12-01,555803,547199,8604,291727,286373,5354,244996,241828,3168,19080,18998,82,2010,12,401000695,394793134,6207561,210475179,206612392,3862787,176759678,174474065,2285613,13765838,13706677,59161,Publica
2011-01-01,560442,548931,11511,292585,285246,7339,248326,244200,4126,19531,19485,46,2011,1,404347635,396042737,8304898,211094207,205799284,5294923,179162204,176185416,2976788,14091224,14058037,33187,Publica
2011-02-01,566231,554892,11339,294097,286607,7490,252022,248249,3773,20112,20036,76,2011,2,408524287,400343479,8180808,212185085,206781218,5403867,181828799,179106688,2722111,14510403,14455573,54830,Publica
2011-03-01,574104,562710,11394,296639,289465,7174,256358,252237,4121,21107,21008,99,2011,3,414204494,405984009,8220485,214019085,208843208,5175877,184957133,181983950,2973183,15228276,15156851,71425,Publica
2011-04-01,580709,570536,10173,298016,291745,6271,260680,256863,3817,22013,21928,85,2011,4,418969865,411630312,7339553,215012560,210488182,4524378,188075368,185321517,2753851,15881937,15820613,61324,Publica
2011-05-01,582290,559811,22479,297049,283968,13081,262427,253274,9153,22814,22569,245,2011,5,420110525,403892439,16218086,214314891,204877232,9437659,189335794,182732125,6603669,16459840,16283082,176758,Publica
2011-06-01,588795,573265,15530,297975,288552,9423,267264,261368,5896,23556,23345,211,2011,6,424803759,413599230,11204529,214982985,208184496,6798489,192825595,188571784,4253811,16995179,16842950,152229,Publica
2011-07-01,592754,579935,12819,298130,290806,7324,270080,264740,5340,24544,24389,155,2011,7,427660101,418411502,9248599,215094814,209810712,5284102,194857286,191004615,3852671,17708001,17596175,111826,Publica
2011-08-01,597786,582302,15484,298094,289439,8655,274503,268012,6491,25189,24851,338,2011,8,431290582,420119245,11171337,215068839,208824449,6244390,198048387,193365297,4683090,18173356,17929499,243857,Publica
2011-09-01,597645,575117,22528,295493,283056,12437,276361,266933,9428,25791,25128,663,2011,9,431188845,414935411,16253434,213192266,204219242,8973024,199388892,192586820,6802072,18607687,18129349,478338,Publica
2011-10-01,597024,585041,11983,294995,287986,7009,275669,270812,4857,26360,26243,117,2011,10,430740817,422095379,8645438,212832975,207776139,5056836,198889634,195385441,3504193,19018208,18933799,84409,Publica
2011-11-01,595964,582585,13379,292913,285065,7848,275939,270530,5409,27112,26990,122,2011,11,469965243,459414878,10550365,230985319,224796557,6188762,217599947,213334547,4265400,21379977,21283774,96203,Publica
2011-12-01,595835,575795,20040,291860,281003,10857,276181,267739,8442,27794,27053,741,2011,12,469863521,454060419,15803102,230154944,221593345,8561599,217790789,211133620,6657169,21917788,21333454,584334,Publica
2012-01-01,594523,577164,17359,290757,281170,9587,275495,268024,7471,28271,27970,301,2012,1,468828905,455139985,13688920,229285143,221725038,7560105,217249820,211358365,5891455,22293942,22056582,237360,Publica
2012-02-01,594591,577712,16879,290391,280979,9412,275591,268429,7162,28609,28304,305,2012,2,468882524,455572127,13310397,228996519,221574419,7422100,217325523,211677740,5647783,22560482,22319968,240514,Publica
2012-03-01,593968,581874,12094,288990,282182,6808,275838,270697,5141,29140,28995,145,2012,3,468391233,458854198,9537035,227891717,222523081,5368636,217520299,213466240,4054059,22979217,22864877,114340,Publica
2012-04-01,598139,584218,13921,290900,283481,7419,277665,271433,6232,29574,29304,270,2012,4,471680406,460702629,10977777,229397905,223547446,5850459,218961040,214046635,4914405,23321461,23108548,212913,Publica
2012-05-01,597364,583735,13629,289641,282081,7560,277852,271977,5875,29871,29677,194,2012,5,471069250,460321744,10747506,228405082,222443434,5961648,219108500,214475622,4632878,23555668,23402688,152980,Publica
2012-06-01,597480,588171,9309,289025,284043,4982,278333,274133,4200,30122,29995,127,2012,6,471160730,463819886,7340844,227919317,223990628,3928689,219487810,216175801,3312009,23753603,23653457,100146,Publica
2012-07-01,586358,569266,17092,281450,271804,9646,274722,267462,7260,30186,30000,186,2012,7,462390134,448911781,13478353,221945821,214339198,7606623,216640241,210915183,5725058,23804072,23657400,146672,Publica
2012-08-01,596359,578509,17850,287078,278270,8808,278950,270784,8166,30331,29455,876,2012,8,470276723,456200625,14076098,226383951,219438156,6945795,219974358,213534846,6439512,23918414,23227623,690791,Publica
2012-09-01,594024,585059,8965,285213,280656,4557,278430,274136,4294,30381,30267,114,2012,9,468435390,461365824,7069566,224913250,221319708,3593542,219564298,216178166,3386132,23957842,23867950,89892,Publica
2012-10-01,592681,580806,11875,285267,279290,5977,277751,272083,5668,29663,29433,230,2012,10,467376335,458011995,9364340,224955835,220242508,4713327,219028854,214559212,4469642,23391646,23210275,181371,Publica
2012-11-01,593781,583102,10679,286432,281199,5233,277624,272363,5261,29725,29540,185,2012,11,468243767,459822574,8421193,225874531,221747907,4126624,218928698,214780014,4148684,23440538,23294653,145885,Publica
2012-12-01,594818,576766,18052,286735,277505,9230,277749,269790,7959,30334,29471,863,2012,12,469061526,454826131,14235395,226113469,218834892,7278577,219027275,212750998,6276277,23920782,23240241,680541,Publica
2013-01-01,593213,574935,18278,286027,276347,9680,276703,268950,7753,30483,29638,845,2013,1,467795860,453382242,14413618,225555159,217921717,7633442,218202420,212088591,6113829,24038281,23371934,666347,Publica
2013-02-01,595794,573810,21984,287045,275692,11353,278033,268279,9754,30716,29839,877,2013,2,469831187,452495088,17336099,226357933,217405197,8952736,219251235,211559453,7691782,24222019,23530438,691581,Publica
2013-03-01,595279,580130,15149,286731,278787,7944,277447,270548,6899,31101,30795,306,2013,3,469425069,457478914,11946155,226110318,219845852,6264466,218789128,213348741,5440387,24525623,24284321,241302,Publica
2013-04-01,597325,582608,14717,287280,279253,8027,278533,272156,6377,31512,31199,313,2013,4,471038502,459433015,11605487,226543245,220213330,6329915,219645528,214616778,5028750,24849729,24602907,246822,Publica
2013-05-01,597903,586620,11283,287096,280860,6236,278964,274094,4870,31843,31666,177,2013,5,471494302,462596798,8897504,226398148,221480578,4917570,219985405,216145046,3840359,25110749,24971174,139575,Publica
2013-06-01,598707,588574,10133,286432,281360,5072,280096,275186,4910,32179,32028,151,2013,6,472128323,464137683,7990640,225874531,221874868,3999663,220878079,217006175,3871904,25375713,25256640,119073,Publica
2013-07-01,597683,584708,12975,285755,279278,6477,279514,273208,6306,32414,32222,192,2013,7,471320817,461089033,10231784,225340664,220233045,5107619,220419125,215446364,4972761,25561028,25409624,151404,Publica
2013-08-01,598152,586566,11586,284965,279543,5422,280635,274647,5988,32552,32376,176,2013,8,498449187,488772944,9676243,238199377,233667198,4532179,234579957,229574680,5005277,25669853,25531066,138787,Publica
2013-09-01,597346,585246,12100,283819,278059,5760,281016,274819,6197,32511,32368,143,2013,9,499315487,489201277,10114210,237241444,232426737,4814707,234898429,229718453,5179976,27175614,27056087,119527,Publica
2013-10-01,593616,581843,11773,282097,275972,6125,278827,273359,5468,32692,32512,180,2013,10,496197622,486356744,9840878,235802046,230682235,5119811,233068669,228498054,4570615,27326907,27176455,150452,Publica
2013-11-01,595133,584686,10447,282152,276764,5388,280182,275276,4906,32799,32646,153,2013,11,497465669,488733178,8732491,235848016,231344259,4503757,234201302,230100455,4100847,27416351,27288464,127887,Publica
2013-12-01,593759,581968,11791,281248,274928,6320,279576,274263,5313,32935,32777,158,2013,12,496317155,486461230,9855925,235092373,229809565,5282808,233694751,229253699,4441052,27530031,27397966,132065,Publica
2014-01-01,589795,577568,12227,279981,273495,6486,277895,272374,5521,31919,31699,220,2014,1,493003690,482783314,10220376,234033301,228611735,5421566,232289624,227674702,4614922,26680765,26496877,183888,Publica
2014-02-01,588278,566245,22033,279085,267907,11178,277260,267662,9598,31933,30676,1257,2014,2,491735640,473318532,18417108,233284343,223940782,9343561,231758828,223735989,8022839,26692469,25641761,1050708,Publica
2014-03-01,588251,570791,17460,278651,269739,8912,276603,268701,7902,32997,32351,646,2014,3,491713070,477118487,14594583,232921564,225472132,7449432,231209649,224604478,6605171,27581857,27041877,539980,Publica
2014-04-01,590758,579405,11353,279668,273716,5952,277916,272824,5092,33174,32865,309,2014,4,493808654,484318844,9489810,233771668,228796467,4975201,232307175,228050853,4256322,27729811,27471524,258287,Publica
2014-05-01,590398,580101,10297,279199,273711,5488,277920,273413,4507,33279,32977,302,2014,5,493507736,484900623,8607113,233379633,228792287,4587346,232310523,228543192,3767331,27817580,27565144,252436,Publica
2014-06-01,591290,581146,10144,278943,274103,4840,278923,273805,5118,33424,33238,186,2014,6,494253345,485774128,8479217,233165645,229119956,4045689,233148917,228870861,4278056,27938783,27783311,155472,Publica
2014-07-01,591199,578656,12543,278832,272950,5882,279550,273153,6397,32817,32553,264,2014,7,494177281,483692763,10484518,233072864,228156175,4916689,233673019,228325861,5347158,27431398,27210727,220671,Publica
2014-08-01,589380,578023,11357,278146,272474,5672,278505,273014,5491,32729,32535,194,2014,8,492656800,483163644,9493156,232499443,227758291,4741152,232799519,228209672,4589847,27357838,27195681,162157,Publica
2014-09-01,586370,575180,11190,275760,270400,5360,277751,272097,5654,32859,32683,176,2014,9,490140773,480787209,9353564,230505012,226024656,4480356,232169257,227443161,4726096,27466504,27319392,147112,Publica
2014-10-01,587063,576143,10920,275171,270249,4922,278751,272908,5843,33141,32986,155,2014,10,490720045,481592171,9127874,230012670,225898436,4114234,233005150,228121068,4884082,27702225,27572667,129558,Publica
2014-11-01,585905,574467,11438,275004,269566,5438,277651,271815,5836,33250,33086,164,2014,11,489752086,480191219,9560867,229873077,225327523,4545554,232085671,227207440,4878231,27793338,27656256,137082,Publica
2014-12-01,583809,571376,12433,274467,268221,6246,275989,270045,5944,33353,33110,243,2014,12,488000056,477607483,10392573,229424202,224203251,5220951,230696421,225727915,4968506,27879433,27676317,203116,Publica
2015-01-01,581188,566749,14439,273057,265995,7062,274616,267590,7026,33515,33164,351,2015,1,485809189,473739820,12069369,228245596,222342560,5903036,229548746,223675805,5872941,28014847,27721455,293392,Publica
2015-02-01,578782,557699,21083,270760,261128,9632,274508,263838,10670,33514,32733,781,2015,2,483798034,466175015,17623019,226325555,218274283,8051272,229458468,220539545,8918923,28014011,27361187,652824,Publica
2015-03-01,578119,564541,13578,270562,263315,7247,273788,267804,5984,33769,33422,347,2015,3,483243835,471894175,11349660,226160050,220102375,6057675,228856621,223854685,5001936,28227164,27937115,290049,Publica
2015-04-01,582788,571422,11366,273923,268320,5603,275035,269481,5554,33830,33621,209,2015,4,487146608,477645934,9500674,228969473,224286004,4683469,229898980,225256473,4642507,28278155,28103457,174698,Publica
2015-05-01,586311,575225,11086,277429,272029,5400,274909,269441,5468,33973,33755,218,2015,5,490091454,480824823,9266631,231900108,227386320,4513788,229793661,225223037,4570624,28397685,28215466,182219,Publica
2015-06-01,591222,579623,11599,281635,275952,5683,275404,269689,5715,34183,33982,201,2015,6,494196517,484501068,9695449,235415863,230665517,4750346,230207430,225430338,4777092,28573224,28405213,168011,Publica
2015-07-01,595124,582357,12767,284912,278764,6148,275981,269557,6424,34231,34036,195,2015,7,497458158,486786391,10671767,238155075,233016039,5139036,230689738,225320000,5369738,28613345,28450352,162993,Publica
2015-08-01,597038,582513,14525,285974,278914,7060,276830,269633,7197,34234,33966,268,2015,8,499058049,486916790,12141259,239042788,233141423,5901365,231399407,225383528,6015879,28615854,28391839,224015,Publica
2015-09-01,600725,585278,15447,287301,279417,7884,278990,271728,7262,34434,34133,301,2015,9,502139982,489228026,12911956,240152022,233561876,6590146,233204929,227134717,6070212,28783031,28531433,251598,Publica
2015-10-01,610745,597668,13077,293520,287618,5902,282524,275512,7012,34701,34538,163,2015,10,511534127,499584703,11949424,245815910,240417010,5398900,236712003,230297725,6414278,29006214,28869968,136246,Publica
2015-11-01,613876,600832,13044,296460,289858,6602,282570,276422,6148,34846,34552,294,2015,11,558800864,546891963,11908901,271189733,265150504,6039229,258483715,252859788,5623927,29127416,28881671,245745,Publica
2015-12-01,619596,599252,20344,298884,289354,9530,285638,275248,10390,35074,34650,424,2015,12,566781597,548171759,18609838,273407112,264689465,8717647,261290197,251785860,9504337,32084288,31696434,387854,Publica
2016-01-01,619358,604219,15139,298926,290812,8114,285219,278512,6707,35213,34895,318,2016,1,566563890,552715372,13848518,273445532,266023185,7422347,260906918,254771637,6135281,32211440,31920550,290890,Publica
2016-02-01,625880,605979,19901,301680,292242,9438,289000,279208,9792,35200,34529,671,2016,2,572529952,554325349,18204603,275964783,267331291,8633492,264365622,255408310,8957312,32199547,31585748,613799,Publica
2016-03-01,674356,659123,15233,334307,328211,6096,304700,295751,8949,35349,35161,188,2016,3,616873855,602939354,13934501,305810654,300234294,5576360,278727356,270541184,8186172,32335845,32163876,171969,Publica
2016-04-01,686822,669949,16873,338606,331972,6634,312438,302437,10001,35778,35540,238,2016,4,628277254,612842546,15434708,309743208,303674706,6068502,285805768,276657270,9148498,32728278,32510570,217708,Publica
2016-05-01,697706,681660,16046,342550,335037,7513,318863,310572,8291,36293,36051,242,2016,5,638233501,623555300,14678201,313351021,306478446,6872575,291683101,284098842,7584259,33199379,32978012,221367,Publica
2016-06-01,704921,684575,20346,346128,335797,10331,322012,312427,9585,36781,36351,430,2016,6,644833499,626221825,18611674,316624036,307173663,9450373,294563680,285795722,8767958,33645783,33252440,393343,Publica
2016-07-01,713284,696765,16519,347379,339126,8253,327599,319683,7916,38306,37956,350,2016,7,652483632,637372750,15110882,317768397,310218899,7549498,299674444,292433221,7241223,35040791,34720630,320161,Publica
2016-08-01,720768,700573,20195,348242,339512,8730,334003,322919,11084,38523,38142,381,2016,8,659329700,640856156,18473544,318557840,310571997,7985843,305532566,295393384,10139182,35239294,34890775,348519,Publica
2016-09-01,730139,711422,18717,351492,342681,8811,339603,330018,9585,39044,38723,321,2016,9,667901909,650780387,17121522,321530804,313470871,8059933,310655223,301887265,8767958,35715882,35422251,293631,Publica
2016-10-01,736479,719125,17354,355722,347661,8061,341126,332219,8907,39631,39245,386,2016,10,673701497,657826784,15874713,325400244,318026376,7373868,312048405,303900652,8147753,36252848,35899756,353092,Publica
2016-11-01,744260,724175,20085,359539,350369,9170,345113,334484,10629,39608,39322,286,2016,11,680819239,662446321,18372918,328891882,320503546,8388336,315695549,305972583,9722966,36231808,35970192,261616,Publica
2016-12-01,748440,730030,18410,361702,352383,9319,346842,338014,8828,39896,39633,263,2016,12,684642938,667802242,16840696,330870508,322345873,8524635,317277171,309201686,8075485,36495259,36254683,240576,Publica
2017-01-01,752584,732906,19678,363019,354028,8991,349281,338836,10445,40284,40042,242,2017,1,688433706,670433091,18000615,332075245,323850653,8224592,319508274,309953619,9554655,36850187,36628819,221368,Publica
2017-02-01,761073,743002,18071,367132,358184,8948,353430,344657,8773,40511,40161,350,2017,2,696199102,679668508,16530594,335837653,327652395,8185258,323303612,315278437,8025175,37057837,36737676,320161,Publica
2017-03-01,767938,749883,18055,369206,361147,8059,357707,348625,9082,41025,40111,914,2017,3,702478929,685962972,16515957,337734863,330362829,7372034,327216042,318908205,8307837,37528024,36691938,836086,Publica
2017-04-01,825770,795077,30693,412862,395417,17445,370887,358057,12830,42021,41603,418,2017,4,755381334,727304635,28076699,377669629,361711654,15957975,339272579,327536221,11736358,38439126,38056760,382366,Publica
2017-05-01,865959,845213,20746,427995,420245,7750,393607,381225,12382,44357,43743,614,2017,5,792144624,773167043,18977581,391512692,384423316,7089376,360055926,348729381,11326545,40576006,40014346,561660,Publica
2017-06-01,889248,868116,21132,431664,423399,8265,412662,400274,12388,44922,44443,479,2017,6,813448467,794117791,19330676,394868946,387308469,7560477,377486677,366154644,11332033,41092844,40654678,438166,Publica
2017-07-01,908373,890477,17896,437501,430417,7084,425279,414828,10451,45593,45232,361,2017,7,830943252,814572739,16370513,400208398,393728254,6480144,389028204,379468061,9560143,41706650,41376424,330226,Publica
2017-08-01,921536,899410,22126,442328,432620,9708,433406,421377,12029,45802,45413,389,2017,8,842984239,822744290,20239949,404623949,395743471,8880478,396462457,385458824,11003633,41897833,41541995,355838,Publica
2017-09-01,929760,907748,22012,444861,435064,9797,438416,426723,11693,46483,45961,522,2017,9,850507225,830371559,20135666,406941034,397979144,8961890,401045407,390349131,10696276,42520784,42043284,477500,Publica
2017-10-01,939399,917026,22373,447160,437460,9700,444556,432387,12169,47683,47179,504,2017,10,859324600,838858703,20465897,409044068,400170909,8873159,406662037,395530332,11131705,43618495,43157462,461033,Publica
2017-11-01,953123,929685,23438,453024,441478,11546,451667,440062,11605,48432,48145,287,2017,11,961316524,937587694,23728830,459194176,447490930,11703246,457818694,446055644,11763050,44303654,44041120,262534,Publica
2017-12-01,962907,942579,20328,456796,447566,9230,456944,446133,10811,49167,48880,287,2017,12,976021768,955416924,20604844,463017550,453661848,9355702,463167566,452209331,10958235,49836652,49545745,290907,Publica
2018-01-01,974657,952327,22330,458241,448163,10078,466443,454533,11910,49973,49631,342,2018,1,987931804,965297693,22634111,464482232,454266980,10215252,472795943,460723739,12072204,50653629,50306974,346655,Publica
2018-02-01,983862,958108,25754,461402,449239,12163,471803,458812,12991,50657,50057,600,2018,2,997262174,971157430,26104744,467686283,455357635,12328648,478228947,465061019,13167928,51346944,50738776,608168,Publica
2018-03-01,994956,966883,28073,466333,454087,12246,477024,461507,15517,51599,51289,310,2018,3,1008507273,980051945,28455328,472684443,460271664,12412779,483521055,467792725,15728330,52301775,51987556,314219,Publica
2018-04-01,1005906,989244,16662,470722,463359,7363,482766,473656,9110,52418,52229,189,2018,4,1019606406,1002717501,16888905,477133222,469669949,7463273,489341257,480107194,9234063,53131927,52940358,191569,Publica
2018-05-01,1017813,996942,20871,475327,465945,9382,489405,478216,11189,53081,52781,300,2018,5,1031675585,1010520348,21155237,481800942,472291170,9509772,496070685,484729301,11341384,53803958,53499877,304081,Publica
2018-06-01,1028184,1010909,17275,479970,471997,7973,494473,485439,9034,53741,53473,268,2018,6,1042187843,1024677580,17510263,486507182,478425599,8081583,501207712,492050679,9157033,54472949,54201302,271647,Publica
2018-07-01,1039634,1020835,18799,484215,475519,8696,500913,491046,9867,54506,54270,236,2018,7,1053793787,1034738771,19055016,490809997,481995568,8814429,507735423,497734046,10001377,55248367,55009157,239210,Publica
2018-08-01,1049961,1023611,26350,487194,474794,12400,507814,494069,13745,54953,54748,205,2018,8,1064261445,1037552580,26708865,493829574,481260694,12568880,514730416,500798219,13932197,55701455,55493667,207788,Publica
2018-09-01,1065892,1042563,23329,491548,482678,8870,518648,504423,14225,55696,55462,234,2018,9,1080409427,1056762707,23646720,498242876,489252074,8990802,525711976,511293241,14418735,56454575,56217392,237183,Publica
2018-10-01,1074943,1053493,21450,492725,482870,9855,525856,514574,11282,56362,56049,313,2018,10,1089583704,1067841573,21742131,499435909,489446689,9989220,533018150,521582497,11435653,57129645,56812387,317258,Publica
2018-11-01,1084528,1068800,15728,498411,491226,7185,529106,520736,8370,57011,56838,173,2018,11,1099299248,1083357055,15942193,505199348,497916498,7282850,536312414,527828424,8483990,57787486,57612133,175353,Publica
2018-12-01,1094207,1075372,18835,502508,493705,8803,533853,524088,9765,57846,57579,267,2018,12,1109110080,1090018565,19091515,509352152,500429262,8922890,541124068,531226078,9897990,58633860,58363225,270635,Publica
2019-01-01,1100141,1078586,21555,504350,494188,10162,537427,526275,11152,58364,58123,241,2019,1,1115124904,1093276340,21848564,511219240,500918840,10300400,544746749,533442865,11303884,59158915,58914635,244280,Publica
2019-02-01,1107073,1087449,19624,508834,499060,9774,539537,530086,9451,58702,58303,399,2019,2,1122151316,1102260054,19891262,515764312,505857197,9907115,546885487,537305771,9579716,59501517,59097086,404431,Publica
2019-03-01,1117355,1098850,18505,512932,504134,8798,544888,535481,9407,59535,59235,300,2019,3,1132574370,1113817349,18757021,519918127,511000305,8917822,552310379,542775264,9535115,60345864,60041780,304084,Publica
2019-04-01,1125522,1108478,17044,516419,507376,9043,548728,540948,7780,60375,60154,221,2019,4,1140851591,1123575469,17276122,523452620,514286461,9166159,556201665,548315711,7885954,61197306,60973297,224009,Publica
2019-05-01,1129630,1111295,18335,518552,508858,9694,549823,541445,8378,61255,60992,263,2019,5,1145015532,1126430836,18584696,525614667,515788645,9826022,557311576,548819480,8492096,62089289,61822711,266578,Publica
2019-06-01,1138945,1119965,18980,523443,513264,10179,553858,545311,8547,61644,61390,254,2019,6,1154457411,1135218921,19238490,530572287,520254655,10317632,561401537,552738135,8663402,62483587,62226131,257456,Publica
2019-07-01,1151708,1131371,20337,528328,518004,10324,561202,551471,9731,62178,61896,282,2019,7,1167394245,1146780272,20613973,535523821,525059214,10464607,568845564,558982035,9863529,63024860,62739023,285837,Publica
2019-08-01,1162373,1142381,19992,533024,524198,8826,567063,556196,10867,62286,61987,299,2019,8,1178204504,1157940227,20264277,540283781,531337576,8946205,574786391,563771389,11015002,63134332,62831262,303070,Publica
2019-09-01,1175121,1154105,21016,539708,530272,9436,572537,561189,11348,62876,62644,232,2019,9,1191126098,1169823909,21302189,547058800,537494304,9564496,580334934,568832394,11502540,63732364,63497211,235153,Publica
2019-10-01,1187035,1161251,25784,544258,533924,10334,579326,564143,15183,63451,63184,267,2019,10,1204164967,1178029829,26135138,552183307,541708575,10474732,587666463,572276688,15389775,64315197,64044566,270631,Publica
2019-11-01,1199393,1176104,23289,550624,540311,10313,584618,571879,12739,64151,63914,237,2019,11,1390771652,1363611110,27160542,643024191,630980588,12043603,682722730,667846014,14876716,65024731,64784508,240223,Publica
2019-12-01,1192176,1154975,37201,547178,528403,18775,580630,562939,17691,64368,63633,735,2019,12,1392235003,1348791353,43443650,638999918,617074307,21925611,678065499,657405793,20659706,75169586,74311253,858333,Publica
2020-01-01,1197611,1176075,21536,548390,538514,9876,584556,573126,11430,64665,64435,230,2020,1,1398582052,1373432145,25149907,640415306,628882034,11533272,682650322,669302274,13348048,75516424,75247837,268587,Publica
2020-02-01,1201155,1177222,23933,550792,539173,11619,585355,573336,12019,65008,64713,295,2020,2,1402720782,1374771623,27949159,643220387,629651621,13568766,683583410,669547514,14035896,75916985,75572488,344497,Publica
2020-03-01,1209929,1190111,19818,554848,544913,9935,589377,579794,9583,65704,65404,300,2020,3,1412967139,1389823526,23143613,647957021,636354850,11602171,688280335,677089231,11191104,76729783,76379445,350338,Publica
2020-04-01,1212406,1131901,80505,555457,514069,41388,589817,554133,35684,67132,63699,3433,2020,4,1415859800,1321845305,94014495,648668218,600334918,48333300,688794171,647122058,41672113,78397411,74388329,4009082,Publica
2020-05-01,1193077,1137127,55950,541587,513600,27987,584607,558819,25788,66883,64708,2175,2020,5,1393287202,1327948281,65338921,632470694,599787216,32683478,682709881,652594416,30115465,78106627,75566649,2539978,Publica
2020-06-01,1198167,1167377,30790,542261,527922,14339,588365,572500,15865,67541,66955,586,2020,6,1399231360,1363274533,35956827,633257800,616512590,16745210,687098512,668571225,18527287,78875048,78190718,684330,Publica
2020-07-01,1207446,1180382,27064,546767,534469,12298,593645,579281,14364,67034,66632,402,2020,7,1410067470,1378461901,31605569,638519953,624158242,14361711,693264549,676490144,16774405,78282968,77813515,469453,Publica
2020-08-01,1210580,1176892,33688,547918,531952,15966,595784,578469,17315,66878,66471,407,2020,8,1413727386,1374386245,39341141,639864103,621218865,18645238,695762496,675541882,20220614,78100787,77625498,475289,Publica
2020-09-01,1207393,1170834,36559,544336,527121,17215,595960,577143,18817,67097,66570,527,2020,9,1410005578,1367311652,42693926,635681006,615577175,20103831,695968032,673993366,21974666,78356540,77741111,615429,Publica
2020-10-01,1221220,1197254,23966,548598,538137,10461,606019,592724,13295,66603,66393,210,2020,10,1426152887,1398165192,27987695,640658212,628441769,12216443,707715032,692189014,15526018,77779643,77534409,245234,Publica
2020-11-01,1222129,1184491,37638,548319,531036,17283,607586,587577,20009,66224,65878,346,2020,11,1427214430,1383260434,43953996,640332396,620149151,20183245,709544993,686178296,23366697,77337041,76932987,404054,Publica
2020-12-01,1230406,1205576,24830,551951,540973,10978,612039,598584,13455,66416,66019,397,2020,12,1436880388,1407883708,28996680,644573879,631753679,12820200,714745248,699032381,15712867,77561261,77097648,463613,Publica
2021-01-01,1224949,1189538,35411,551987,535132,16855,608446,590301,18145,64516,64105,411,2021,1,1430507655,1389154370,41353285,644615922,624932500,19683422,710549307,689359410,21189897,75342426,74862460,479966,Publica
2021-02-01,1174099,1141890,32209,534574,519353,15221,575338,558769,16569,64187,63768,419,2021,2,1371124516,1333510559,37613957,624280845,606505626,17775219,671885457,652536025,19349432,74958214,74468908,489306,Publica
2021-03-01,1186410,1166201,20209,539718,531269,8449,581884,570328,11556,64808,64604,204,2021,3,1385501427,1361901188,23600239,630288063,620421250,9866813,679529941,666034741,13495200,75683423,75445197,238226,Publica
2021-04-01,1201977,1156922,45055,540022,525518,14504,596241,565985,30256,65714,65419,295,2021,4,1403680727,1351065079,52615648,630643076,613705175,16937901,696296189,660962942,35333247,76741462,76396962,344500,Publica
2021-05-01,1219835,1177373,42462,546530,533626,12904,606510,577201,29309,66795,66546,249,2021,5,1424535478,1374947962,49587516,638243183,623173779,15069404,708288431,674061099,34227332,78003864,77713084,290780,Publica
2021-06-01,1201271,1176054,25217,545344,532989,12355,589278,576659,12619,66649,66406,243,2021,6,1402856253,1373407620,29448633,636858163,622429884,14428279,688164728,673428146,14736582,77833362,77549590,283772,Publica
2021-07-01,1225626,1198400,27226,558948,545707,13241,599255,585741,13514,67423,66952,471,2021,7,1431298272,1399503503,31794769,652745052,637282091,15462961,699815969,684034197,15781772,78737251,78187215,550036,Publica
2021-08-01,1245636,1222116,23520,568590,557674,10916,607361,594987,12374,69685,69455,230,2021,8,1454666149,1427199284,27466865,664005075,651257273,12747802,709282237,694831768,14450469,81378837,81110243,268594,Publica
2021-09-01,1262981,1233861,29120,576860,564517,12343,614719,598189,16530,71402,71155,247,2021,9,1474921814,1440915213,34006601,673662865,659248597,14414268,717874983,698571096,19303887,83383966,83095520,288446,Publica
2021-10-01,1273751,1253394,20357,581105,572101,9004,619914,608784,11130,72732,72509,223,2021,10,1679662171,1652667646,26994525,771597021,759641428,11955593,823127998,808349483,14778515,84937152,84676735,260417,Publica
2021-11-01,1291717,1273514,18203,590260,582480,7780,627639,617412,10227,73818,73622,196,2021,11,1703343840,1679205102,24138738,783753118,773422768,10330350,833385329,819805827,13579502,86205393,85976507,228886,Publica
2021-12-01,1298352,1275272,23080,594833,584016,10817,628798,616787,12011,74721,74469,252,2021,12,1723964744,1693318912,30645832,789825194,775462284,14362910,834924264,818975946,15948318,99215286,98880682,334604,Publica
2022-01-01,1317910,1294751,23159,604324,593922,10402,638130,625668,12462,75456,75161,295,2022,1,1749934053,1719183324,30750729,802427440,788615570,13811870,847315386,830768227,16547159,100191227,99799527,391700,Publica
2022-02-01,1331905,1288098,43807,612006,591170,20836,643810,622426,21384,76089,74502,1587,2022,2,1768516755,1710349404,58167351,812627676,784961437,27666239,854857347,826463467,28393880,101031732,98924500,2107232,Publica
2022-03-01,1344556,1326154,18402,617317,608986,8331,650084,640283,9801,77155,76885,270,2022,3,1785314881,1760880541,24434340,819679675,808617700,11061975,863188028,850174170,13013858,102447178,102088671,358507,Publica
2022-04-01,1363732,1337894,25838,627004,616229,10775,659148,644383,14765,77580,77282,298,2022,4,1810776968,1776469031,34307937,832542172,818235028,14307144,875223298,855618191,19605107,103011498,102615812,395686,Publica
2022-05-01,1374398,1350119,24279,633091,621316,11775,662967,650979,11988,78340,77824,516,2022,5,1824939387,1792701507,32237880,840624553,824989597,15634956,880294203,864376425,15917778,104020631,103335485,685146,Publica
2022-06-01,1394277,1375481,18796,642856,634091,8765,672058,662269,9789,79363,79121,242,2022,6,1851334928,1826377425,24957503,853590618,841952370,11638248,892365328,879367400,12997928,105378982,105057655,321327,Publica
2022-07-01,1412736,1390645,22091,652392,641851,10541,680133,668881,11252,80211,79913,298,2022,7,1875844970,1846512336,29332634,866252615,852256176,13996439,903087391,888146880,14940511,106504964,106109280,395684,Publica
2022-08-01,1432490,1413707,18783,661412,652713,8699,690219,680362,9857,80859,80632,227,2022,8,1902535391,1877134290,25401101,878409924,866678848,11731076,916760082,903391467,13368615,107365385,107063975,301410,Publica
2022-09-01,1449152,1426680,22472,668590,658217,10373,698580,686852,11728,81982,81611,371,2022,9,1927786156,1894359969,33426187,889444331,873987114,15457217,929485311,912008954,17476357,108856514,108363901,492613,Publica
2022-10-01,1467739,1444213,23526,677426,666516,10910,707366,695053,12313,82947,82644,303,2022,10,2173671792,2138663958,35007834,1009459574,993202152,16257422,1054074366,1035726277,18348089,110137852,109735529,402323,Publica
2022-11-01,1482605,1460331,22274,684197,674022,10175,714460,702718,11742,83948,83591,357,2022,11,2209289000,2176097635,33191365,1019549313,1004387143,15162170,1064645418,1047148200,17497218,125094269,124562292,531977,Publica
2022-12-01,1502010,1476846,25164,693305,681110,12195,723514,710902,12612,85191,84834,357,2022,12,2238205169,2200707297,37497872,1033121508,1014949255,18172253,1078137147,1059343506,18793641,126946514,126414536,531978,Publica
2023-01-01,1532013,1504652,27361,705537,692402,13135,739247,725444,13803,87229,86806,423,2023,1,2282913839,2242142130,40771709,1051348901,1031775916,19572985,1101581520,1081013122,20568398,129983418,129353092,630326,Publica
2023-02-01,1557488,1527000,30488,715573,700931,14642,752958,737663,15295,88957,88406,551,2023,2,2416329670,2368952388,47377282,1112816192,1090045835,22770357,1170955097,1147169237,23785860,132558381,131737316,821065,Publica
2023-03-01,1591422,1571518,19904,729073,719761,9312,771453,761152,10301,90896,90605,291,2023,3,2468975754,2438041176,30934578,1133810580,1119329121,14481459,1199717412,1183697921,16019491,135447762,135014134,433628,Publica
2023-04-01,1593450,1563026,30424,730651,715489,15162,770228,755411,14817,92571,92126,445,2023,4,2478037822,2430724252,47313570,1136264592,1112685563,23579029,1197812368,1174769862,23042506,143960862,143268827,692035,Publica
2023-05-01,1621719,1597259,24460,742529,730497,12032,785999,773927,12072,93191,92835,356,2023,5,2522000073,2483961359,38038714,1154736544,1136025104,18711440,1222338481,1203564834,18773647,144925048,144371421,553627,Publica
2023-06-01,1628594,1605418,23176,745279,734338,10941,788599,776755,11844,94716,94325,391,2023,6,2532691663,2496649747,36041916,1159013181,1141998397,17014784,1226381844,1207962770,18419074,147296638,146688580,608058,Publica
2023-07-01,1631487,1602648,28839,745118,730931,14187,790494,776324,14170,95875,95393,482,2023,7,2537190686,2492342010,44848676,1158762804,1136700035,22062769,1229328836,1207292505,22036331,149099046,148349470,749576,Publica
2023-08-01,1634942,1610247,24695,745386,733743,11643,792814,780226,12588,96742,96278,464,2023,8,2542563694,2504159518,38404176,1159179581,1141073089,18106492,1232936762,1213360661,19576101,150447351,149725768,721583,Publica
2023-09-01,1649362,1624008,25354,750622,738820,11802,800709,787620,13089,98031,97568,463,2023,9,2564988814,2525559799,39429015,1167322294,1148968534,18353760,1245214592,1224859366,20355226,152451928,151731899,720029,Publica
2023-10-01,1661711,1639155,22556,757066,746559,10507,805737,794082,11655,98908,98514,394,2023,10,2584193240,2549115505,35077735,1177343618,1161003763,16339855,1253033836,1234908681,18125155,153815786,153203061,612725,Publica
2023-11-01,1669205,1649242,19963,760032,750474,9558,809145,799114,10031,100028,99654,374,2023,11,2598356419,2564802202,33554217,1183180352,1167092136,16088216,1259618524,1242734145,16884379,155557543,154975921,581622,Publica
2023-12-01,1658605,1658605,0,755082,755082,0,802702,802702,0,100821,100821,0,2023,12,2582256561,2582256561,0,1175713594,1175713594,0,1249752198,1249752198,0,156790769,156790769,0,Publica
