Periodo de Cobertura,SFS_Total,SFS_Hombres,SFS_Mujeres,Reg_Subsidiado_Total,Reg_Subsidiado_Hombres,Reg_Subsidiado_Mujeres,RC_Total,RC_Hombres,RC_Mujeres,Year,Month,Poblacion Total proyectada,Porcentaje de Poblaci√≥n Cubierta por el SFS,Total Seguro Familiar de Salud,Reg_Subsidiado,Reg_Contributivo,Reg_PensionadosJub,SFS,Tasa_Dep_Regimen_Subsidiado,RC_Tasa_Dependencia,RC_Tasa_Dependencia_Directa
2007-09-01,2159720,1106699,1053021,951678,434621,517057,1208042,672078,535964,2007,9,9200332,0.2347437027272494,2159720,951678,1208042.0,,0.8286889056164115,1.411069336630252,0.5363451264070487,0.5330054724033427
2007-10-01,2388659,1206731,1181928,1003849,459910,543939,1384810,746821,637989,2007,10,9208938,0.2593848498056996,2388659,1003849,1384810.0,,0.8541976519976029,1.472108257197035,0.5697696826249696,0.5664823492871021
2007-11-01,2433039,1227593,1205446,1011064,464219,546845,1421975,763374,658601,2007,11,9217849,0.263948671756285,2433039,1011064,1421975.0,,0.8771971650379369,1.5130341412976478,0.5909782562482239,0.5865431305900597
2007-12-01,2559117,1272336,1286781,1081936,479821,602115,1477181,792515,684666,2007,12,9226491,0.2773662273122035,2559117,1081936,1477181.0,,0.8363907350824293,1.2842665529392143,0.6057868641640333,0.601161416702268
2008-01-01,2572698,1277668,1295030,1087199,482671,604528,1485499,794997,690502,2008,1,9235440,0.2785679945947351,2572698,1087199,1485499.0,,0.8523397444435884,1.3060553097438987,0.6191836605674286,0.6137838347483261
2008-02-01,2620284,1299233,1321051,1122671,501425,621246,1497613,797808,699805,2008,2,9244410,0.2834452387983657,2620284,1122671,1497613.0,,0.8995672790778093,1.3937803174873933,0.6449765821338816,0.6371999174003972
2008-03-01,2670732,1328722,1342010,1141714,511788,629926,1529018,816934,712084,2008,3,9252817,0.2886398812383299,2670732,1141714,1529018.0,,0.9166451970338176,1.4532782675774578,0.6475457352880962,0.6387779643082652
2008-04-01,2751653,1360193,1391460,1186733,524539,662194,1564920,835654,729266,2008,4,9261822,0.2970962948758894,2751653,1186733,1564920.0,,0.8942220319194634,1.355213098486728,0.6494006519945066,0.6397704001239485
2008-05-01,2781015,1371701,1409314,1195993,529291,666702,1585022,842410,742612,2008,5,9270559,0.2999835285013557,2781015,1195993,1585022.0,,0.9270036121595282,1.3819674449266386,0.6842620909212627,0.6736551061654825
2008-06-01,2827066,1398510,1428556,1199911,531467,668444,1627155,867043,760112,2008,6,9279602,0.30465379872973,2827066,1199911,1627155.0,,0.9348199229101422,1.3975155900024177,0.6937692508673625,0.6822741604565975
2008-07-01,2854191,1410113,1444078,1202248,533124,669124,1651943,876989,774954,2008,7,9287769,0.307306415566537,2854191,1202248,1651943.0,,0.950420672255585,1.4115473644937797,0.7121525568128818,0.6985792374646831
2008-08-01,2879873,1425918,1453955,1219357,542008,677349,1660516,883910,776606,2008,8,9296227,0.3097894446854621,2879873,1219357,1660516.0,,0.9527528248357716,1.4538394664713292,0.6981156773273829,0.6832760993927544
2008-09-01,2880266,1423536,1456730,1219194,541928,677266,1661072,881608,779464,2008,9,9304699,0.3095496157371668,2880266,1219194,1661072.0,,0.9634317344431153,1.461889194248294,0.7094001613620272,0.6940265177086592
2008-10-01,2900567,1433747,1466820,1216219,540679,675540,1684348,893068,791280,2008,10,9312923,0.3114561346636281,2900567,1216219,1684348.0,,0.9695051193728148,1.4696206078721228,0.7182543123455141,0.7020638254679592
2008-11-01,2914921,1438386,1476535,1226142,545993,680149,1688779,892393,796386,2008,11,9321435,0.3127116157544412,2914921,1226142,1688779.0,,0.986968812264872,1.4963444800732937,0.7305829620308164,0.7127491689245412
2008-12-01,2916902,1435840,1481062,1224643,545438,679205,1692259,890402,801857,2008,12,9329691,0.3126472248652179,2916902,1224643,1692259.0,,1.0032360525927224,1.4995315838995489,0.7515561830199576,0.7321129518726983
2009-01-01,2949581,1452995,1496586,1217438,542181,675257,1732143,910814,821329,2009,1,9338238,0.315860550994738,2949581,1217438,1732143.0,,1.0149627110631705,1.4975392600342596,0.774038697889355,0.7537536461064499
2009-02-01,2979186,1466054,1513132,1226124,546842,679282,1753062,919212,833850,2009,2,9346808,0.3187383329153653,2979186,1226124,1753062.0,,1.030726885308925,1.524447189623224,0.7863706674655628,0.7646404865114933
2009-03-01,3002019,1477744,1524275,1230749,549299,681450,1771270,928445,842825,2009,3,9354562,0.3209149717538886,3002019,1230749,1771270.0,,1.045771984413524,1.5482928546286518,0.7992373452952697,0.7758650462793665
2009-04-01,3046690,1498780,1547910,1234674,551394,683280,1812016,947386,864630,2009,4,9363166,0.3253910055637163,3046690,1234674,1812016.0,,1.064869385586328,1.5632234973675907,0.823320587643389,0.7946166230629905
2009-05-01,3048562,1495898,1552664,1238229,553242,684987,1810333,942656,867677,2009,5,9371511,0.3253010106908053,3048562,1238229,1810333.0,,1.0810120810243682,1.5771793222730763,0.8388666944985338,0.8076645305200801
2009-06-01,3095993,1520342,1575651,1242775,555642,687133,1853218,964700,888518,2009,6,9380152,0.3305601017979239,3100704,1242775,1853218.0,4711.0,1.096627239691898,1.5948665374914393,0.8574567162264287,0.8241837874028534
2009-07-01,3137700,1542438,1595262,1235140,551860,683280,1902560,990578,911982,2009,7,9388150,0.3351216160798453,3146172,1235140,1902560.0,8472.0,1.1046820573121217,1.6041928022787797,0.8716220869034854,0.8367485465259265
2009-08-01,3230507,1589579,1640928,1240281,552410,687871,1990226,1037169,953057,2009,8,9396430,0.3449642044904288,3241432,1240281,1990226.0,10925.0,1.0944405544533915,1.576495223138333,0.8757366613982359,0.8397624211031284
2009-09-01,3255527,1602534,1652993,1239151,551899,687252,2016376,1050635,965741,2009,9,9404733,0.3477221522397286,3270234,1239151,2016376.0,14707.0,1.1022713770586654,1.581198913487256,0.8870949024246894,0.8494695407053574
2009-10-01,3382889,1645624,1737265,1342484,586142,756342,2040405,1059482,980923,2009,10,9412779,0.3611788824533116,3399697,1342484,2040405.0,16808.0,1.0599123519027869,1.3483712517449,0.9058821221708172,0.8666530292373408
2009-11-01,3412300,1656334,1755966,1346166,586954,759212,2066134,1069380,996754,2009,11,9421116,0.3641461372516801,3430663,1346166,2066134.0,18363.0,1.066207280742122,1.3403849162885308,0.9196814984808926,0.8789211086231407
2009-12-01,3492524,1694508,1798016,1404225,615631,788594,2088299,1078877,1009422,2009,12,9429199,0.3723828503354314,3511272,1404225,2088299.0,18748.0,1.05243260809649,1.2574186277929873,0.9343230190384976,0.8914479595258252
2010-01-01,3535705,1715996,1819709,1418984,624338,794646,2116721,1091658,1025063,2010,1,9437570,0.3768752973487879,3556787,1418984,2116721.0,21082.0,1.076313836121949,1.2930777037290808,0.9525793680077927,0.9084131564188092
2010-02-01,3563088,1730491,1832597,1429444,629878,799566,2133644,1100613,1033031,2010,2,9445960,0.3795559159683081,3585270,1429444,2133644.0,22182.0,1.0817597826563252,1.3076764121853963,0.953627036703002,0.9083610692719374
2010-03-01,3633456,1767487,1865969,1452434,642390,810044,2181022,1125097,1055925,2010,3,9453554,0.3868071203697572,3656702,1452434,2181022.0,23246.0,1.1018515144100196,1.350353742289195,0.9635950803481316,0.9174794211729412
2010-04-01,3688159,1797212,1890947,1467505,650264,817241,2220654,1146948,1073706,2010,4,9461979,0.392274808472942,3711696,1467505,2220654.0,23537.0,1.1142281766084037,1.3799333783100016,0.968959888493932,0.9226169523625436
2010-05-01,3724687,1809109,1915578,1502455,663825,838630,2222232,1145284,1076948,2010,5,9470152,0.395874110573938,3748988,1502455,2222232.0,24301.0,1.1107287868098117,1.3276373579556455,0.9856249329854534,0.9358661853533008
2010-06-01,3749924,1816878,1933046,1531735,675227,856508,2218189,1141651,1076538,2010,6,9478612,0.398242168790114,3774783,1531735,2218189.0,24859.0,1.1054687149081437,1.279530383122604,1.00001172134222,0.9481141262009868
2010-07-01,3880281,1880334,1999947,1636037,726569,909468,2244244,1153765,1090479,2010,7,9486856,0.4116667313175197,3905423,1636037,2244244.0,25142.0,1.0939811037287432,1.229990513213349,1.0048418276738145,0.9507804097151004
2010-08-01,4000557,1935460,2065097,1736031,771762,964269,2264526,1163698,1100828,2010,8,9495397,0.4240633645965513,4026650,1736031,2264526.0,26093.0,1.046452610244957,1.086625880429818,1.0166872385104917,0.9611432601830628
2010-09-01,4056650,1960494,2096156,1764636,783466,981170,2292014,1177028,1114986,2010,9,9503949,0.42962446452522,4083129,1764636,2292014.0,26479.0,1.0422521384582155,1.0621651942224093,1.0271810415507665,0.9701611740596706
2010-10-01,4110287,1984808,2125479,1802728,800923,1001805,2307559,1183885,1123674,2010,10,9512247,0.4348846282061431,4136730,1802728,2307559.0,26443.0,1.046781374693689,1.0623512063085665,1.0347804080567309,0.976023272178319
2010-11-01,4183547,2020198,2163349,1847833,823269,1024564,2335714,1196929,1138785,2010,11,9520844,0.4422823228696951,4210901,1847833,2335714.0,27354.0,1.068836311810952,1.098331857100679,1.046082795908034,0.9859892742699864
2010-12-01,4377869,2114818,2263051,2013786,904636,1109150,2364083,1210182,1153901,2010,12,9529181,0.4622615521732665,4404974,2013786,2364083.0,27105.0,1.1291987640745076,1.229489067257127,1.050622755041588,0.9895408032711662
2011-01-01,4378343,2111980,2266363,2012210,903910,1108300,2366133,1208070,1158063,2011,1,9537809,0.4619127935986137,4405636,2012210,2366133.0,27293.0,1.1358447950788684,1.240244486255998,1.0544253185439232,0.9923549458421064
2011-02-01,4390354,2118568,2271786,2008220,901865,1106355,2382134,1216703,1165431,2011,2,9546463,0.462799991997036,4418103,2008220,2382134.0,27749.0,1.1417395279089089,1.2448646521735245,1.061887776255348,0.9985579715350852
2011-03-01,4410421,2129549,2280872,2001160,898507,1102653,2409261,1231042,1178219,2011,3,9554297,0.464577979939288,4438716,2001160,2409261.0,28295.0,1.1448751617013413,1.246800445955914,1.0669901654871483,1.0020556130848868
2011-04-01,4439884,2143856,2296028,1997098,896570,1100528,2442786,1247286,1195500,2011,4,9562982,0.4672336515952869,4468147,1997098,2442786.0,28263.0,1.1485000754898127,1.2497113368847814,1.0722808368913572,1.005919624428758
2011-05-01,4418825,2129810,2289015,2006919,901349,1105570,2411906,1228461,1183445,2011,5,9571412,0.4646637298655621,4447488,2006919,2411906.0,28663.0,1.1578654110605848,1.2500554968820845,1.086723526042667,1.017505108865114
2011-06-01,4450812,2144879,2305933,2004773,900269,1104504,2446039,1244610,1201429,2011,6,9580139,0.4676343422574557,4480002,2004773,2446039.0,29190.0,1.1641855200099582,1.25278680492815,1.0966024610257588,1.0259259703703196
2011-07-01,4493780,2168148,2325632,2013637,904326,1109311,2480143,1263822,1216321,2011,7,9588304,0.471697914459116,4522783,2013637,2480143.0,29003.0,1.1637208961921657,1.2497103562311116,1.0985952914636945,1.0267242393242235
2011-08-01,4513430,2177806,2335624,2012102,903710,1108392,2501328,1274096,1227232,2011,8,9596760,0.4733438160379128,4542567,2012102,2501328.0,29137.0,1.1691767862043312,1.2535571245531194,1.1057519646758232,1.0324542978730569
2011-09-01,4504831,2171453,2333378,2001122,898132,1102990,2503709,1273321,1230388,2011,9,9605236,0.4720483702847072,4534136,2001122,2503709.0,29305.0,1.173561933399178,1.2483986332906751,1.1172370228052253,1.0425483875332338
2011-10-01,4502576,2169262,2333314,1997224,896184,1101040,2505352,1273078,1232274,2011,10,9613455,0.4714164678567695,4531941,1997224,2505352.0,29365.0,1.1702686171199852,1.2500281644443043,1.1106250194815752,1.0335933965673676
2011-11-01,4509004,2171855,2337149,1996335,895739,1100596,2512669,1276116,1236553,2011,11,9621966,0.4716967405621678,4538650,1996335,2512669.0,29646.0,1.1772646260241078,1.254647736526053,1.1194692952785197,1.040343546027981
2011-12-01,4520850,2178632,2342218,2003427,899174,1104253,2517423,1279458,1237965,2011,12,9630221,0.4725307965414293,4550576,2003427,2517423.0,29726.0,1.1817510568885972,1.2668971174789962,1.1184277293210303,1.0384349662766283
2012-01-01,4521609,2177107,2344502,2000222,897444,1102778,2521387,1279663,1241724,2012,1,9638770,0.4721872189086367,4551304,2000222,2521387.0,29695.0,1.184979167935147,1.2684966866612457,1.1229747058729425,1.041104114200361
2012-02-01,4582485,2205655,2376830,2045696,918852,1126844,2536789,1286803,1249986,2012,2,9647339,0.478078462879764,4612185,2045696,2536789.0,29700.0,1.1661751296282203,1.212314234237352,1.1303465691177348,1.0474249382971097
2012-03-01,4720699,2271300,2449399,2146475,964482,1181993,2574224,1306818,1267406,2012,3,9655369,0.4920019110610894,4750460,2146475,2574224.0,29761.0,1.1276015880734942,1.1189519333378743,1.1348681373362084,1.050631116271355
2012-04-01,4805844,2308502,2497342,2217013,995077,1221936,2588831,1313425,1275406,2012,4,9663972,0.500390936563144,4835764,2217013,2588831.0,29920.0,1.1006527708448255,1.0593855691515697,1.1373305978559252,1.052074518367465
2012-05-01,4895395,2354345,2541050,2291076,1032503,1258573,2604319,1321842,1282477,2012,5,9672321,0.5092221401667707,4925360,2291076,2604319.0,29965.0,1.0802291764401928,1.0125775334927998,1.1436188644985623,1.0568853674777785
2012-06-01,4906271,2359915,2546356,2279756,1027109,1252647,2626515,1332806,1293709,2012,6,9680963,0.5098470059228611,4935810,2279756,2626515.0,29539.0,1.0810482372722043,1.009332054744294,1.1475790916197062,1.0598236157944485
2012-07-01,4834850,2315902,2518948,2302079,1035487,1266592,2532771,1280415,1252356,2012,7,9689389,0.5020525030009633,4864582,2302079,2532771.0,29732.0,1.092115659722733,1.0109041071001172,1.1718376453882222,1.079914216232717
2012-08-01,4885179,2343859,2541320,2249470,1007228,1242242,2635709,1336631,1299078,2012,8,9698109,0.5067967373845768,4914970,2249470,2635709.0,29791.0,1.065519601844989,0.9676408637966748,1.1570984640843556,1.068263826882739
2012-09-01,4916430,2358942,2557488,2250127,1007671,1242456,2666303,1351271,1315032,2012,9,9706854,0.5095690117519023,4946312,2250127,2666303.0,29882.0,1.0697463729983183,0.971379809128638,1.1607326206805453,1.0704759635683208
2012-10-01,4923997,2360296,2563701,2264638,1014672,1249966,2659359,1345624,1313735,2012,10,9715333,0.5099486553883433,4954321,2264638,2659359.0,30324.0,1.0709459232117682,0.9718378289424994,1.1635492387108322,1.073180573804168
2012-11-01,4969647,2380875,2588772,2294356,1027783,1266573,2675291,1353092,1322199,2012,11,9724114,0.5142036590685795,5000175,2294356,2675291.0,30528.0,1.0641257702601896,0.9609729497807282,1.1616434460039802,1.0709951931895034
2012-12-01,4991762,2392114,2599648,2303351,1031326,1272025,2688411,1360788,1327623,2012,12,9732628,0.5160440736047859,5022465,2303351,2688411.0,30703.0,1.0619702834105094,0.9552400597602798,1.163136551258016,1.0721321500124716
2013-01-01,5006591,2397156,2609435,2315910,1036008,1279902,2690681,1361148,1329533,2013,1,9741447,0.5170946369671775,5037250,2315910,2690681.0,30659.0,1.0610820926858748,0.948481034384118,1.1689664790058492,1.077132787762709
2013-02-01,5035247,2411821,2623426,2326832,1041351,1285481,2708415,1370470,1337945,2013,2,9750286,0.5195609646732414,5065868,2326832,2708415.0,30621.0,1.056926477574882,0.9407927881038411,1.1683990652013267,1.0759680042016302
2013-03-01,5071631,2427761,2643870,2336433,1044957,1291476,2735198,1382804,1352394,2013,3,9758285,0.5228745624871584,5102359,2336433,2735198.0,30728.0,1.055226478365263,0.9353829459419162,1.1700084493298055,1.076310538654692
2013-04-01,5097993,2437166,2660827,2349918,1049237,1300681,2748075,1387929,1360146,2013,4,9767160,0.5251068887987911,5128803,2349918,2748075.0,30810.0,1.0536822315153238,0.930046117391965,1.1726970277240591,1.0780378582915224
2013-05-01,5141954,2460846,2681108,2361647,1057227,1304420,2780307,1403619,1376688,2013,5,9775767,0.5291291210193533,5172643,2361647,2780307.0,30689.0,1.0630483155633552,0.9443697061109428,1.175857999464704,1.080169166018416
2013-06-01,5181117,2482793,2698324,2373337,1065511,1307826,2807780,1417282,1390498,2013,6,9784680,0.532667905337732,5211985,2373337,2807780.0,30868.0,1.071238025488325,0.9547023146714458,1.1811540669514509,1.0844641965181143
2013-07-01,5210305,2494984,2715321,2397962,1074845,1323117,2812343,1420139,1392204,2013,7,9792703,0.5351256951221741,5240327,2397962,2812343.0,30022.0,1.054714920064043,0.9273913333531596,1.1773579296254115,1.07972555629278
2013-08-01,5263436,2518891,2744545,2421393,1085187,1336206,2842043,1433704,1408339,2013,8,9801017,0.5400494662951814,5293034,2421393,2842043.0,29598.0,1.0509927377569228,0.9131918491186208,1.185082615939483,1.0869944958586315
2013-09-01,5329463,2544146,2785317,2477669,1106928,1370741,2851794,1437218,1414576,2013,9,9809345,0.5463076280832206,5358920,2477669,2851794.0,29457.0,1.0316802506880962,0.8772267580705774,1.188092907059181,1.0891451396582892
2013-10-01,5337516,2548174,2789342,2486574,1111737,1374837,2850942,1436437,1414505,2013,10,9817422,0.5466159038492997,5366359,2486574,2850942.0,28843.0,1.0369329663112332,0.8819560862230382,1.194554991232378,1.0944170493681
2013-11-01,5533311,2638590,2894721,2646899,1183670,1463229,2886412,1454920,1431492,2013,11,9825788,0.565879499944432,5560212,2646899,2886412.0,26901.0,0.9906459648244244,0.8040675198202816,1.199217964268952,1.0987541067542774
2013-12-01,5652729,2705829,2946900,2751753,1243431,1508322,2900976,1462398,1438578,2013,12,9833901,0.5773836852740332,5677934,2751753,2900976.0,25205.0,0.957991398695672,0.7546927258524765,1.1997438539740168,1.099067394916055
2014-01-01,5643824,2700992,2942832,2741484,1238417,1503067,2902340,1462575,1439765,2014,1,9842302,0.5763524630721553,5672635,2741484,2902340.0,28811.0,0.9612989319205796,0.7615904848498479,1.1965126311168963,1.0975570254438676
2014-02-01,5659888,2710450,2949438,2751541,1243298,1508243,2908347,1467152,1441195,2014,2,9850721,0.5775193511216082,5688982,2751541,2908347.0,29094.0,0.959640305405252,0.757778926259989,1.1985014479804246,1.0993115762085213
2014-03-01,5680282,2719067,2961215,2745683,1240483,1505200,2934599,1478584,1456015,2014,3,9858343,0.5791589925406329,5709548,2745683,2934599.0,29266.0,0.9630277923979992,0.7601220304127276,1.2003540542283313,1.099141182310185
2014-04-01,5719754,2737808,2981946,2750900,1243401,1507499,2968854,1494407,1474447,2014,4,9866795,0.5826824211914812,5749208,2750900,2968854.0,29454.0,0.9700355723819444,0.7684033777668066,1.2027538373873714,1.100537768439047
2014-05-01,5763704,2761118,3002586,2758167,1247178,1510989,3005537,1513940,1491597,2014,5,9874994,0.586670331141467,5793366,2758167,3005537.0,29662.0,0.9776687632724892,0.7793087565333061,1.2030545519582423,1.100800507821462
2014-06-01,5785236,2772006,3013230,2754819,1246069,1508750,3030417,1525937,1504480,2014,6,9883486,0.5883613332380903,5815061,2754819,3030417.0,29825.0,0.9813429155410404,0.7824302299324314,1.2050381462765087,1.1020362871685168
2014-07-01,5788441,2773236,3015205,2751045,1244201,1506844,3037396,1529035,1508361,2014,7,9891345,0.5882331472615706,5818417,2751045,3037396.0,29976.0,0.9854815008931928,0.7869498285179797,1.2076280795194874,1.104701482123233
2014-08-01,5817804,2790099,3027705,2748393,1244450,1503943,3069411,1545649,1523762,2014,8,9899484,0.5907212941603825,5847836,2748393,3069411.0,30032.0,0.9884027577457356,0.7905621939198649,1.206724972770115,1.1036497032571615
2014-09-01,5831717,2798022,3033695,2751945,1248467,1503478,3079772,1549555,1530217,2014,9,9907641,0.5916612238977976,5861967,2751945,3079772.0,30250.0,0.9902710203569012,0.7888206872926841,1.212958405517285,1.1084724498616438
2014-10-01,5940655,2865735,3074920,2838755,1306577,1532178,3101900,1559158,1542742,2014,10,9915551,0.6021637123342919,5970785,2838755,3101900.0,30130.0,0.9810820851224468,0.7762845854748827,1.2147727678412052,1.1097390310949269
2014-11-01,5960471,2873514,3086957,2832009,1301575,1530434,3128462,1571939,1556523,2014,11,9923744,0.6036673255577734,5990640,2832009,3128462.0,30169.0,0.9574334558055648,0.7401468797274762,1.2068877461043035,1.1017529751197457
2014-12-01,6157245,2978843,3178402,3015646,1400518,1615128,3141599,1578325,1563274,2014,12,9931689,0.6230173941209798,6187615,3015646,3141599.0,30370.0,0.9132574109750792,0.6798253578681984,1.2077511655068989,1.1022884272930302
2015-01-01,6156350,2978247,3178103,3000981,1393730,1607251,3155369,1584517,1570852,2015,1,9939915,0.6224183003576992,6186785,3000981,3155369.0,30435.0,0.9165954781378576,0.6801704479605759,1.2127241655218648,1.0997390623213987
2015-02-01,6159388,2978177,3181211,3002033,1393909,1608124,3157355,1584268,1573087,2015,2,9948160,0.6222205915465775,6189950,3002033,3157355.0,30562.0,0.9211939035957656,0.6845763634425135,1.2173199780048611,1.1017064491685458
2015-03-01,6228215,3015608,3212607,3032565,1412670,1619895,3195650,1602938,1592712,2015,3,9955622,0.6286553466975745,6258655,3032565,3195650.0,30440.0,0.9218027912080248,0.6786211080488503,1.2281169513009695,1.1115163592095594
2015-04-01,6273524,3037159,3236365,3033637,1411431,1622206,3239887,1625728,1614159,2015,4,9963900,0.6326876022441013,6304036,3033637,3239887.0,30512.0,0.9166197964513876,0.6743958979567055,1.2169095886736605,1.1015920566180135
2015-05-01,6287721,3043482,3244239,3017731,1402036,1615695,3269990,1641446,1628544,2015,5,9972335,0.6335791968480802,6318264,3017731,3269990.0,30543.0,0.9147336276615764,0.6704164899970884,1.213508808032015,1.0985603348839224
2015-06-01,6328334,3066251,3262083,3043353,1417170,1626183,3284981,1649081,1635900,2015,6,9980243,0.6371504180810026,6358916,3043353,3284981.0,30582.0,0.907056399240834,0.6604049979867946,1.211393623609877,1.096454344723591
2015-07-01,6351316,3078484,3272832,3063142,1427911,1635231,3288174,1650573,1637601,2015,7,9987914,0.6389524379164658,6381802,3063142,3288174.0,30486.0,0.9036845298184112,0.6579077124586287,1.2087063294761384,1.0934687415406257
2015-08-01,6380025,3092291,3287734,3075944,1434136,1641808,3304081,1658155,1645926,2015,8,9995860,0.6413225075181125,6410570,3075944,3304081.0,30545.0,0.9043298859525776,0.6578404994739656,1.2102635594405171,1.0952149368411266
2015-09-01,6373931,3094642,3279289,3076009,1439959,1636050,3297922,1654683,1643239,2015,9,10003823,0.6401951533928579,6404399,3076009,3297922.0,30468.0,0.8460254994083038,0.5645542025400025,1.2182461450503623,1.1018513847550824
2015-10-01,6416566,3116673,3299893,3080836,1442932,1637904,3335730,1673741,1661989,2015,10,10011552,0.6439540043341931,6446979,3080836,3335730.0,30413.0,0.8489019079238167,0.569655182252221,1.2124230712854516,1.0964411992356706
2015-11-01,6460375,3138953,3321422,3107676,1456731,1650945,3352699,1682222,1670477,2015,11,10019552,0.6478187847121308,6490854,3107676,3352699.0,30479.0,0.8401909699721624,0.5586120286437357,1.210325447395399,1.0943464516575634
2015-12-01,6657243,3247604,3409639,3317405,1572793,1744612,3339838,1674811,1665027,2015,12,10027314,0.6669554778079154,6687772,3317405,3339838.0,30529.0,0.8098503155908142,0.5324974996593069,1.2065030251698892,1.089700019951983
2016-01-01,6676777,3255378,3421399,3312909,1568690,1744219,3363868,1686688,1677180,2016,1,10035352,0.6683662914863375,6707291,3312909,3363868.0,30514.0,0.8164408486220625,0.5367358611082893,1.2131613263172576,1.0964723561092624
2016-02-01,6647407,3236299,3411108,3271976,1542873,1729103,3375431,1693426,1682005,2016,2,10043411,0.6649078684522619,6677943,3271976,3375431.0,30536.0,0.8191679355637461,0.5363164008613202,1.2143586264988473,1.0982938167256868
2016-03-01,6736890,3290870,3446020,3277009,1545939,1731070,3459881,1744931,1714950,2016,3,10050966,0.6732449398396134,6766762,3277009,3459881.0,29872.0,0.8161670351000162,0.5337221373016862,1.1998757599687684,1.085760591875948
2016-04-01,6772527,3305928,3466599,3298747,1555307,1743440,3473780,1750621,1723159,2016,4,10059060,0.6762368451922943,6802307,3298747,3473780.0,29780.0,0.8141661097174359,0.5307353847410311,1.2012043390677682,1.0865000091881072
2016-05-01,6801325,3319766,3481559,3298840,1554853,1743987,3502485,1764913,1737572,2016,5,10066913,0.6785724680445734,6831130,3298840,3502485.0,29805.0,0.8181860711306914,0.5299542846595049,1.2103958787063338,1.095036385701691
2016-06-01,6809320,3324835,3484485,3308606,1562113,1746493,3500714,1762722,1737992,2016,6,10075045,0.6788300201140541,6839243,3308606,3500714.0,29923.0,0.8190740816431753,0.5316606354301544,1.2112388876326,1.0950493511021726
2016-07-01,6880290,3362001,3518289,3341396,1579650,1761746,3538894,1782351,1756543,2016,7,10082683,0.685120716380749,6907855,3341396,3538894.0,27565.0,0.8293286992292949,0.5443008372252096,1.2154004680087591,1.0984107985070797
2016-08-01,6878247,3358376,3519871,3339504,1577015,1762489,3538743,1781361,1757382,2016,8,10090595,0.6843719324777181,6905720,3339504,3538743.0,27473.0,0.8322243064941734,0.5470443127254029,1.2180816556527585,1.1008062519469954
2016-09-01,6914424,3374610,3539814,3348988,1580614,1768374,3565436,1793996,1771440,2016,9,10098526,0.6874205205789439,6941934,3348988,3565436.0,27510.0,0.8323907814717801,0.5426484637487827,1.224907176866291,1.107213683533956
2016-10-01,6930316,3383488,3546828,3347307,1579589,1767718,3583009,1803899,1779110,2016,10,10106217,0.6884678015522524,6957805,3347307,3583009.0,27489.0,0.8315262921714146,0.5432859616735856,1.218644617741434,1.10134901675218
2016-11-01,6925862,3380076,3545786,3351214,1580151,1771063,3574648,1799925,1774723,2016,11,10114184,0.687472464412354,6953223,3351214,3574648.0,27361.0,0.8316653809138569,0.5449505333911135,1.2174644224750828,1.0998490735048632
2016-12-01,6938356,3384848,3553508,3347068,1575598,1771470,3591288,1809250,1782038,2016,12,10121913,0.688186610574503,6965765,3347068,3591288.0,27409.0,0.83136423828474,0.5431693666587212,1.217296115875456,1.099862317632604
2017-01-01,6934717,3382964,3551753,3336777,1569262,1767515,3597940,1813702,1784238,2017,1,10129917,0.6885777050295674,6975235,3336777,3597940.0,40518.0,0.8272148341645941,0.5392045973490883,1.2108774773700812,1.0935933257178252
2017-02-01,7011561,3425445,3586116,3386786,1598470,1788316,3624775,1826975,1797800,2017,2,10137941,0.6957688942952025,7053664,3386786,3624775.0,42103.0,0.8179327006469207,0.5243145102126974,1.2169267512514943,1.0998174362173518
2017-03-01,7016814,3422006,3594808,3365104,1582223,1782881,3651710,1839783,1811927,2017,3,10145202,0.6959950132091998,7061010,3365104,3651710.0,44196.0,0.817901401689136,0.5207420087816182,1.2171363276765153,1.10047667359425
2017-04-01,7066221,3454302,3611919,3337092,1565917,1771175,3729129,1888385,1840744,2017,4,10153258,0.700368000104006,7111017,3337092,3729129.0,44796.0,0.8160601414251797,0.5205861271871208,1.1983213399569548,1.083012203238359
2017-05-01,7095882,3471145,3624737,3319679,1555480,1764199,3776203,1915665,1860538,2017,5,10161078,0.7031084693966526,7144340,3319679,3776203.0,48458.0,0.8173669510831775,0.5199229892267331,1.1949883019690477,1.080188912301097
2017-06-01,7110928,3477635,3633293,3318030,1553987,1764043,3792898,1923648,1869250,2017,6,10169172,0.7041541828577588,7160665,3318030,3792898.0,49737.0,0.8203588890143262,0.5175157604340842,1.2053719957321736,1.0901592876102206
2017-07-01,7127023,3486154,3640869,3299421,1544702,1754719,3827602,1941452,1886150,2017,7,10177045,0.7067998618459485,7193134,3299421,3827602.0,66111.0,0.8236579384518071,0.5180639907243816,1.206553245261874,1.091646047737529
2017-08-01,7128954,3487634,3641320,3301368,1546546,1754822,3827586,1941088,1886498,2017,8,10185196,0.7067406459335687,7198292,3301368,3827586.0,69338.0,0.8231467219334226,0.514976913058921,1.2110805138718717,1.0967839393955148
2017-09-01,7272290,3566492,3705798,3435610,1620696,1814914,3836680,1945796,1890884,2017,9,10193366,0.7203574363953967,7342867,3435610,3836680.0,70577.0,0.7984482819593303,0.4866264158846496,1.214360084864911,1.0993740173931512
2017-10-01,7312006,3584019,3727987,3470343,1638062,1832281,3841663,1945957,1895706,2017,10,10201293,0.7237898176240992,7383592,3470343,3841663.0,71586.0,0.7888305823235696,0.4737146295672675,1.2170735409285631,1.1010576749388117
2017-11-01,7408664,3632755,3775909,3540931,1674650,1866281,3867733,1958105,1909628,2017,11,10209502,0.7323135839534582,7476557,3540931,3867733.0,67893.0,0.776109867290359,0.4590375768214117,1.2172384418181237,1.1013430467463736
2017-12-01,7449280,3655041,3794239,3546688,1677875,1868813,3902592,1977166,1925426,2017,12,10217464,0.7361519453359464,7521606,3546688,3902592.0,72326.0,0.7760531045905515,0.4606171125091219,1.2097518964348666,1.0945139991064945
2018-01-01,7456812,3657312,3799500,3555744,1681504,1874240,3901068,1975808,1925260,2018,1,10225709,0.7363881565571639,7530091,3555744,3901068.0,73279.0,0.7822455473809149,0.4653495703776967,1.2198052568806503,1.1035585686062075
2018-02-01,7446725,3652236,3794489,3537497,1672051,1865446,3909228,1980185,1929043,2018,2,10233975,0.7348369524060788,7520303,3537497,3909228.0,73578.0,0.7855704181415091,0.4660410723928587,1.224257386590257,1.1077117316617573
2018-03-01,7481392,3667004,3814388,3563433,1684682,1878751,3917959,1982322,1935637,2018,3,10241457,0.7376678923711734,7554794,3563433,3917959.0,73402.0,0.7840495110396141,0.466030325819898,1.222550673040541,1.1049425891795026
2018-04-01,7544238,3699870,3844368,3557540,1681510,1876030,3986698,2018360,1968338,2018,4,10249759,0.7432173771110131,7617799,3557540,3986698.0,73561.0,0.7857008785020847,0.4627056399157294,1.223924366339942,1.1070426259357005
2018-05-01,7568692,3711557,3857135,3572121,1688963,1883158,3996571,2022594,1973977,2018,5,10257810,0.74507706810713,7642859,3572121,3996571.0,74167.0,0.7823700905704098,0.4567783369880701,1.2273072548236104,1.1099656644658709
2018-06-01,7608992,3730940,3878052,3576869,1691007,1885862,4032123,2039933,1992190,2018,6,10266149,0.7484368286491848,7683564,3576869,4032123.0,74572.0,0.7810564585425844,0.4528034813321928,1.227528584916136,1.1103222801860415
2018-07-01,7638232,3745580,3892652,3584074,1695299,1888775,4054158,2050281,2003877,2018,7,10273629,0.7507564269646101,7712993,3584074,4054158.0,74761.0,0.7789062318050762,0.447914141756917,1.2294654110877212,1.111905563217784
2018-08-01,7616881,3732647,3884234,3581981,1694274,1887707,4034900,2038373,1996527,2018,8,10281379,0.7481147227429317,7691651,3581981,4034900.0,74770.0,0.7776153723540434,0.4444485217914483,1.235326119172704,1.116555617787986
2018-09-01,7681348,3767578,3913770,3597462,1702597,1894865,4083886,2064981,2018905,2018,9,10289144,0.7538572693705132,7756546,3597462,4083886.0,75198.0,0.771668337308893,0.4364904779341152,1.2300268058451922,1.1121051134238364
2018-10-01,7692886,3769563,3923323,3597258,1702124,1895134,4095628,2067439,2028189,2018,10,10296677,0.7544449534544009,7768276,3597258,4095628.0,75390.0,0.7716167272759095,0.4319604827952156,1.237832864161698,1.119257929292046
2018-11-01,7727604,3787022,3940582,3591049,1698867,1892182,4136555,2088155,2048400,2018,11,10304481,0.7572680273756631,7803254,3591049,4136555.0,75650.0,0.7719586925356542,0.4299630309227775,1.2362609500455193,1.1180907402241582
2018-12-01,7774137,3808361,3965776,3620150,1712181,1907969,4153987,2096180,2057807,2018,12,10312045,0.7612780976033366,7850334,3620150,4153987.0,76197.0,0.7629399987346241,0.4194451218986213,1.2340962665090496,1.1159238210587628
2019-01-01,7778051,3810601,3967450,3622285,1713456,1908829,4155766,2097145,2058621,2019,1,10319884,0.7610887874321068,7854348,3622285,4155766.0,76297.0,0.7592990263979075,0.4146688287291868,1.233574296325359,1.115165082043868
2019-02-01,7805071,3822854,3982217,3630925,1716680,1914245,4174146,2106174,2067972,2019,2,10327740,0.7631182620786349,7881287,3630925,4174146.0,76216.0,0.7554254635810443,0.408901445482808,1.2332097816945264,1.115172669122006
2019-03-01,7832983,3836119,3996864,3626465,1714276,1912189,4206518,2121843,2084675,2019,3,10334851,0.765256993061632,7908817,3626465,4206518.0,75834.0,0.7547751808432707,0.4073297498759139,1.2292459494565091,1.111493087591794
2019-04-01,7839982,3838537,4001445,3616801,1708935,1907866,4223181,2129602,2093579,2019,4,10342739,0.7653642811638194,7915963,3616801,4223181.0,75981.0,0.7563277790086538,0.4067364485748668,1.2311924560080854,1.1129712683545092
2019-05-01,7836722,3835257,4001465,3619371,1709327,1910044,4217351,2125930,2091421,2019,5,10350395,0.7644875388813663,7912748,3619371,4217351.0,76026.0,0.753633206223795,0.4045075453012998,1.2291840765883266,1.1107062230658271
2019-06-01,7842691,3836774,4005917,3608884,1703018,1905866,4233807,2133756,2100051,2019,6,10358320,0.7643392944029533,7917271,3608884,4233807.0,74580.0,0.7504189855294038,0.4000137329119321,1.2251386964738826,1.1073302584305802
2019-07-01,7883410,3854258,4029152,3636531,1714236,1922295,4246879,2140022,2106857,2019,7,10365620,0.7675574640011885,7956209,3636531,4246879.0,72799.0,0.7448719523599255,0.3923557202110588,1.22785692627771,1.1102393060345326
2019-08-01,7897975,3859699,4038276,3634308,1712099,1922209,4263667,2147600,2116067,2019,8,10373180,0.7684940394363156,7971727,3634308,4263667.0,73752.0,0.7433461049622171,0.3892970500391256,1.2271313363152618,1.1101142329717444
2019-09-01,7937366,3880654,4056712,3658216,1726449,1931767,4279150,2154205,2124945,2019,9,10380758,0.7718563519157271,8012454,3658216,4279150.0,75088.0,0.7396836933160389,0.3836213564362015,1.2303607178392897,1.113266454392833
2019-10-01,7945903,3884308,4061595,3659666,1727667,1931999,4286237,2156641,2129596,2019,10,10388108,0.7721528309101138,8021207,3659666,4286237.0,75304.0,0.7369510126180779,0.3803314983809798,1.2285476454403088,1.1113593492959093
2019-11-01,7971456,3894762,4076694,3671158,1732363,1938795,4300298,2162399,2137899,2019,11,10395722,0.7740369548166063,8046673,3671158,4300298.0,75217.0,0.7350400803762325,0.3764832834406176,1.231212289288277,1.1137491782703284
2019-12-01,7954923,3884741,4070182,3726262,1758351,1967911,4228661,2126390,2102271,2019,12,10403103,0.7733824225329693,8045577,3726262,4228661.0,90654.0,0.7226095394297338,0.3666617397928439,1.2357235834083216,1.1167390819316425
2020-01-01,7991714,3902498,4089216,3725322,1756942,1968380,4266392,2145556,2120836,2020,1,10410749,0.7763703648988176,8082597,3725322,4266392.0,90883.0,0.7215822665510574,0.3631153476448683,1.2347333442283597,1.1159429854886629
2020-02-01,8000487,3904624,4095863,3731478,1759421,1972057,4269009,2145203,2123806,2020,2,10418413,0.7766492843007855,8091453,3731478,4269009.0,90966.0,0.7199922089095763,0.3603831771578232,1.2368328944210811,1.1176422814494689
2020-03-01,8028693,3920981,4107712,3737939,1763701,1974238,4290754,2157280,2133474,2020,3,10425598,0.7788678404826275,8120163,3737939,4290754.0,91470.0,0.7194153378826376,0.3585984182138028,1.2369673929363874,1.1178090747568443
2020-04-01,7745941,3767173,3978768,3742003,1766172,1975831,4003938,2001001,2002937,2020,4,10433297,0.7511763539368236,7837246,3742003,4003938.0,91305.0,0.7090051312464603,0.3581597132114862,1.2529143732986123,1.1315465787693857
2020-05-01,7776071,3781588,3994483,3742716,1766283,1976433,4033355,2015305,2018050,2020,5,10440763,0.7538860905089024,7871146,3742716,4033355.0,95075.0,0.7149909928507406,0.3596522106832525,1.2640536633969042,1.139698845058168
2020-06-01,7900301,3844579,4055722,3745836,1767671,1978165,4154465,2076908,2077557,2020,6,10448497,0.7655240748980452,7998576,3745836,4154465.0,98275.0,0.7217033578910068,0.3586785492769235,1.268112294478742,1.138024899491397
2020-07-01,7936693,3864959,4071734,3748141,1768920,1979221,4188552,2096039,2092513,2020,7,10455553,0.7685259689277076,8035364,3748141,4188552.0,98671.0,0.7218655443698546,0.3580604814194024,1.2647738363337993,1.1387656230145964
2020-08-01,8109903,3968239,4141664,3958495,1890811,2067684,4151408,2077428,2073980,2020,8,10462861,0.7845188806388615,8208312,3958495,4151408.0,98409.0,0.6908192628106631,0.3341958346478136,1.2691712736173408,1.143814478633843
2020-09-01,8913507,4389376,4524131,4765685,2314401,2451284,4147822,2074975,2072847,2020,9,10470191,0.8607392166962379,9012104,4765685,4147822.0,98597.0,0.5930127675043165,0.2635644630158923,1.2743282136819762,1.1483766751820554
2020-10-01,9650609,4790314,4860295,5466882,2699661,2767221,4183727,2090653,2093074,2020,10,10477298,0.93048016769209,9748918,5466882,4183727.0,98309.0,0.5593266977532085,0.2556278814663533,1.279890640939568,1.1559914247848566
2020-11-01,9898491,4924579,4973912,5763785,2856071,2907714,4134706,2068508,2066198,2020,11,10484665,0.9532706099813394,9994723,5763785,4134706.0,96232.0,0.5300695221189036,0.2374311996724678,1.282545702464055,1.158886965930514
2020-12-01,9961742,4961110,5000632,5746839,2853424,2893415,4214903,2107686,2107217,2020,12,10491811,0.958620680452593,10057667,5746839,4214903.0,95925.0,0.5316046549564499,0.23425226529328,1.2808027744723864,1.1583070480321602
2021-01-01,9832981,4895762,4937219,5715173,2835594,2879579,4117808,2060168,2057640,2021,1,10499213,0.9456155428030654,9928219,5715173,4117808.0,95238.0,0.5254036905749944,0.2330313378966697,1.273661566425983,1.1552086559979593
2021-02-01,9684664,4822228,4862436,5738783,2845984,2892799,3945881,1976244,1969637,2021,2,10506632,0.9310352737204464,9782045,5738783,3945881.0,97381.0,0.505461509524298,0.2258584965309819,1.2527552267095994,1.1322434601902285
2021-03-01,9765299,4859303,4905996,5747904,2848515,2899389,4017395,2010788,2006607,2021,3,10513350,0.938042108366981,9861965,5747904,4017395.0,96666.0,0.5031855320552004,0.2216246476453046,1.2427610100531912,1.1229439191814532
2021-04-01,9749689,4850562,4899127,5731315,2840103,2891212,4018374,2010459,2007915,2021,4,10520806,0.935892364140162,9846342,5731315,4018374.0,96653.0,0.5020314275053374,0.2194746483005849,1.2434240240645966,1.121910205512682
2021-05-01,9835025,4894160,4940865,5749011,2850269,2898742,4086014,2043891,2042123,2021,5,10528042,0.9433565139652748,9931697,5749011,4086014.0,96672.0,0.5028080358998306,0.2166070673540656,1.2463141552491332,1.1254550612264196
2021-06-01,9837258,4893930,4943328,5746596,2848492,2898104,4090662,2045438,2045224,2021,6,10535535,0.9428671633666444,9933610,5746596,4090662.0,96352.0,0.4991368416817689,0.2129669734019245,1.242303948008893,1.120548458816255
2021-07-01,9892367,4922399,4969968,5744332,2849456,2894876,4148035,2072943,2075092,2021,7,10542541,0.9474634246146162,9988672,5744332,4148035.0,96305.0,0.4992362393117833,0.2103372503375959,1.2395033613862776,1.118419489777628
2021-08-01,9945550,4949293,4996257,5746692,2851514,2895178,4198858,2097779,2101079,2021,8,10549796,0.9518608701059244,10041938,5746692,4198858.0,96388.0,0.4989516208279603,0.208314795174724,1.2345666529008306,1.1132642699920383
2021-09-01,9964894,4958977,5005917,5750573,2855088,2895485,4214321,2103889,2110432,2021,9,10557073,0.9530650209579872,10061577,5750573,4214321.0,96683.0,0.5024474397887595,0.2121165429833771,1.2319251138650569,1.1096245101154538
2021-10-01,9987739,4969863,5017876,5744483,2852704,2891779,4243256,2117159,2126097,2021,10,10564131,0.9547763086239652,10086382,5744483,4243256.0,98643.0,0.5037472711121818,0.2116340413540812,1.2323573913244767,1.109516223729427
2021-11-01,10040547,4997099,5043448,5749762,2855453,2894309,4290785,2141646,2149139,2021,11,10571442,0.9590540249854276,10138584,5749762,4290785.0,98037.0,0.5059685752678535,0.2128603108890043,1.2272367695714417,1.1048727592854628
2021-12-01,10032808,4997908,5034900,5747449,2856987,2890462,4285359,2140921,2144438,2021,12,10578535,0.9576679568579204,10130724,5747449,4285359.0,97916.0,0.5018892610542467,0.2095151332256702,1.2223934183251974,1.0996352675957584
2022-01-01,10074423,5017858,5056565,5745917,2857259,2888658,4328506,2160599,2167907,2022,1,10585883,0.9609089766059196,10172070,5745917,4328506.0,97647.0,0.5007065269204185,0.2073407630898872,1.2152378057174908,1.0938581932466689
2022-02-01,10180528,5079289,5101239,5864551,2923200,2941351,4315977,2156089,2159888,2022,2,10593250,0.9702747504306988,10278363,5864551,4315977.0,97835.0,0.4906818183149316,0.2016274128896854,1.2145287405390734,1.0932805934722365
2022-03-01,10253925,5111896,5142029,5855670,2917832,2937838,4398255,2194064,2204191,2022,3,10599918,0.9765869886917992,10351742,5855670,4398255.0,97817.0,0.494368097295821,0.2014654765414802,1.2124686861776512,1.091472076622031
2022-04-01,10264553,5118972,5145581,5855682,2919100,2936582,4408871,2199872,2208999,2022,4,10607320,0.9769196177733868,10362499,5855682,4408871.0,97946.0,0.492737765379686,0.2003817814952821,1.206483116331956,1.0856349692514653
2022-05-01,10240455,5105686,5134769,5813437,2896267,2917170,4427018,2209419,2217599,2022,5,10614500,0.9740030147439824,10338555,5813437,4427018.0,98100.0,0.4969464526284276,0.2018618465147799,1.2092341319546678,1.0885371805556248
2022-06-01,10322205,5147704,5174501,5858661,2919269,2939392,4463544,2228435,2235109,2022,6,10621938,0.9814058413822412,10424432,5858661,4463544.0,102227.0,0.4944426427452491,0.199508989774408,1.2065685737506204,1.086243427570292
2022-07-01,10333100,5151891,5181209,5848010,2913623,2934387,4485090,2238268,2246822,2022,7,10629172,0.9817760028720958,10435466,5848010,4485090.0,102366.0,0.495196981215947,0.1991310825604849,1.2050709222124605,1.0849409706738826
2022-08-01,10359158,5164848,5194310,5838975,2909272,2929703,4520183,2255576,2264607,2022,8,10636668,0.983550205759924,10461697,5838975,4520183.0,102539.0,0.4964680627614247,0.1985859540068639,1.204051291853337,1.0846487216044844
2022-09-01,10349474,5159667,5189807,5819693,2899993,2919700,4529781,2259674,2270107,2022,9,10644183,0.9819503291140336,10452059,5819693,4529781.0,102585.0,0.4968892048988225,0.1985859540068639,1.2039566096351133,1.0842521389873474
2022-10-01,10346208,5156812,5189396,5800090,2889305,2910785,4546118,2267507,2278611,2022,10,10651468,0.9823678764279252,10463660,5800090,4546118.0,117452.0,0.497216327636327,0.1985859540068639,1.2018159424578625,1.0828773781150214
2022-11-01,10350725,5158291,5192434,5792287,2885100,2907187,4558438,2273191,2285247,2022,11,10659023,0.9807831355650514,10454190,5792287,4558438.0,103465.0,0.4972921565154372,0.1985859540068639,1.2040627438292877,1.0828773781150214
2022-12-01,10339111,5151859,5187252,5770201,2873492,2896709,4568910,2278367,2290543,2022,12,10666343,0.9791113036586204,10443537,5770201,4568910.0,104426.0,0.4960019078777523,0.1985859540068639,1.2050648201469163,1.0828773781150214
2023-01-01,10354465,5159537,5194928,5792941,2885803,2907138,4561524,2273734,2287790,2023,1,10673929,0.9798132459178578,10458458,5792941,4561524.0,103993.0,0.4955032205892399,0.1959392977723055,1.1931553143890714,1.0748813279157416
2023-02-01,10330938,5147626,5183312,5768693,2873816,2894877,4562245,2273810,2288435,2023,2,10681537,0.9769568742775502,10435401,5768693,4562245.0,104463.0,0.4961885414528974,0.1957213325633658,1.192974782144318,1.0746205881490547
2023-03-01,10377426,5169205,5208221,5762075,2870554,2891521,4615351,2298651,2316700,2023,3,10688422,0.980697897285296,10482112,5762075,4615351.0,104686.0,0.4973973021982136,0.1944438974184634,1.1912708119287223,1.0736728508188036
2023-04-01,10343477,5155557,5187920,5793593,2886833,2906760,4549884,2268724,2281160,2023,4,10696063,0.9768423203939618,10448367,5793593,4549884.0,104890.0,0.493433699539559,0.1958447975858503,1.1861829713626757,1.0670459350374784
2023-05-01,10387477,5175279,5212198,5789490,2884280,2905210,4597987,2290999,2306988,2023,5,10703476,0.984839597902588,10541207,5789490,4597987.0,153730.0,0.4962496805832959,0.1961489289081979,1.1871908645754945,1.069470858144241
2023-06-01,10373391,5166442,5206949,5772009,2874599,2897410,4601382,2291843,2309539,2023,6,10711155,0.9783071946956234,10478800,5772009,4601382.0,105409.0,0.4962036687267719,0.1954516986074624,1.186103125521122,1.0680510045214988
2023-07-01,10349588,5155670,5193918,5776222,2874725,2901497,4573366,2280945,2292421,2023,7,10717991,0.9758213083030206,10458844,5776222,4573366.0,109256.0,0.4939633538575019,0.194110795826892,1.187850151194993,1.0688297206157638
2023-08-01,10351757,5159796,5191961,5799367,2885984,2913383,4552390,2273812,2278578,2023,8,10725073,0.9754510761838172,10461784,5799367,4552390.0,110027.0,0.4900430916413846,0.1919955340507052,1.1865171842069366,1.0667075562864667
2023-09-01,10361122,5160395,5200727,5792752,2882095,2910657,4568370,2278300,2290070,2023,9,10732171,0.975849154844812,10472980,5792752,4568370.0,111858.0,0.490682159258112,0.1912803511353019,1.1879543900182188,1.068044276625459
2023-10-01,10354794,5158610,5196184,5774747,2872476,2902271,4580047,2286134,2293913,2023,10,10739055,0.97479163669429,10468341,5774747,4580047.0,113547.0,0.4955833555520827,0.1959699741431354,1.1860996039763694,1.0666195084953918
2023-11-01,10360057,5163070,5196987,5780813,2875667,2905146,4579244,2287403,2291841,2023,11,10746189,0.9746854443003004,10474154,5780813,4579244.0,114097.0,0.4937700327733649,0.1942947596633884,1.1856370393952136,1.065693531689571
2023-12-01,10267254,5109709,5157545,5690186,2824789,2865397,4577068,2284920,2292148,2023,12,10753109,0.965228381856819,10379206,5690186,4577068.0,111952.0,0.4951455207905567,0.1930939521339643,1.18185129023816,1.0615485527395243
